lomuto:
1 0.0000000000
2 0.0000002500
3 0.0000001250
4 0.0000001670
5 0.0000001660
6 0.0000001670
7 0.0000002920
8 0.0000002500
9 0.0000003330
10 0.0000005000
11 0.0000003750
12 0.0000004580
13 0.0000005420
14 0.0000005420
15 0.0000006670
16 0.0000006250
17 0.0000007500
18 0.0000007920
19 0.0000008750
20 0.0000009580
21 0.0000010420
22 0.0000011670
23 0.0000012080
24 0.0000013330
25 0.0000014580
26 0.0000015830
27 0.0000016250
28 0.0000017500
29 0.0000018750
30 0.0000019580
31 0.0000020840
32 0.0000022080
33 0.0000023340
34 0.0000026250
35 0.0000027500
36 0.0000029170
37 0.0000030000
38 0.0000031660
39 0.0000033330
40 0.0000035000
41 0.0000036670
42 0.0000037920
43 0.0000039580
44 0.0000041670
45 0.0000042500
46 0.0000045000
47 0.0000046250
48 0.0000048330
49 0.0000050410
50 0.0000051250
51 0.0000053750
52 0.0000055830
53 0.0000058330
54 0.0000061250
55 0.0000061660
56 0.0000063340
57 0.0000065830
58 0.0000067920
59 0.0000070000
60 0.0000072080
61 0.0000074590
62 0.0000077080
63 0.0000079590
64 0.0000081250
65 0.0000083750
66 0.0000087500
67 0.0000088750
68 0.0000092920
69 0.0000096250
70 0.0000097920
71 0.0000100840
72 0.0000102920
73 0.0000106670
74 0.0000108750
75 0.0000111670
76 0.0000114580
77 0.0000117080
78 0.0000120410
79 0.0000123330
80 0.0000126250
81 0.0000129160
82 0.0000131670
83 0.0000135830
84 0.0000138340
85 0.0000140420
86 0.0000144160
87 0.0000146670
88 0.0000150420
89 0.0000153330
90 0.0000157500
91 0.0000160000
92 0.0000163340
93 0.0000167500
94 0.0000170000
95 0.0000174170
96 0.0000177500
97 0.0000180830
98 0.0000186250
99 0.0000187920
100 0.0000192090
101 0.0000195840
102 0.0000199580
103 0.0000203750
104 0.0000208340
105 0.0000212080
106 0.0000216250
107 0.0000219160
108 0.0000223750
109 0.0000227500
110 0.0000230830
111 0.0000237090
112 0.0000240000
113 0.0000244170
114 0.0000247500
115 0.0000252500
116 0.0000256250
117 0.0000260830
118 0.0000264580
119 0.0000269160
120 0.0000273750
121 0.0000283750
122 0.0000289170
123 0.0000293750
124 0.0000295830
125 0.0000300830
126 0.0000306250
127 0.0000307910
128 0.0000312500
129 0.0000318330
130 0.0000322910
131 0.0000324580
132 0.0000330000
133 0.0000335000
134 0.0000339590
135 0.0000343750
136 0.0000348750
137 0.0000354590
138 0.0000359580
139 0.0000362920
140 0.0000369580
141 0.0000373330
142 0.0000379170
143 0.0000384170
144 0.0000389580
145 0.0000395830
146 0.0000400000
147 0.0000405420
148 0.0000411250
149 0.0000415830
150 0.0000423340
151 0.0000429590
152 0.0000423340
153 0.0000428330
154 0.0000433330
155 0.0000438330
156 0.0000443750
157 0.0000449580
158 0.0000455000
159 0.0000460830
160 0.0000466250
161 0.0000472500
162 0.0000477080
163 0.0000485000
164 0.0000491670
165 0.0000497080
166 0.0000502920
167 0.0000508340
168 0.0000555420
169 0.0000520420
170 0.0000525420
171 0.0000530000
172 0.0000537500
173 0.0000545000
174 0.0000550000
175 0.0000555000
176 0.0000561660
177 0.0000569590
178 0.0000574580
179 0.0000580420
180 0.0000587920
181 0.0000593330
182 0.0000600000
183 0.0000605000
184 0.0000618750
185 0.0000620420
186 0.0000628750
187 0.0000633340
188 0.0000638330
189 0.0000651250
190 0.0000652080
191 0.0000660840
192 0.0000667090
193 0.0000672920
194 0.0000680000
195 0.0000688330
196 0.0000693750
197 0.0000707090
198 0.0000710000
199 0.0000715420
200 0.0000721670
201 0.0000733750
202 0.0000738330
203 0.0000743330
204 0.0000750830
205 0.0000760840
206 0.0000767080
207 0.0000822920
208 0.0000780840
209 0.0000793750
210 0.0000796660
211 0.0000802090
212 0.0000808750
213 0.0000851250
214 0.0000825000
215 0.0000830420
216 0.0000839170
217 0.0000852500
218 0.0000856250
219 0.0000863340
220 0.0000870830
221 0.0000882080
222 0.0000885410
223 0.0000891660
224 0.0000903330
225 0.0000910420
226 0.0000919580
227 0.0000924580
228 0.0000933340
229 0.0000977910
230 0.0000950840
231 0.0000957910
232 0.0000968340
233 0.0000978330
234 0.0001020000
235 0.0000989580
236 0.0000998750
237 0.0001009580
238 0.0001017920
239 0.0001023750
240 0.0001030830
241 0.0001045830
242 0.0001050840
243 0.0001057920
244 0.0001066670
245 0.0001080840
246 0.0001084170
247 0.0001089580
248 0.0001102910
249 0.0001115000
250 0.0001120830
251 0.0001126250
252 0.0001164580
253 0.0001120000
254 0.0001127920
255 0.0001163330
256 0.0001141670
257 0.0001149160
258 0.0001159170
259 0.0001166250
260 0.0001177500
261 0.0001185840
262 0.0001193750
263 0.0001201670
264 0.0001210830
265 0.0001220830
266 0.0001368330
267 0.0001290420
268 0.0001384170
269 0.0001257500
270 0.0001300000
271 0.0001275000
272 0.0001452500
273 0.0001476670
274 0.0001488330
275 0.0001565830
276 0.0001429160
277 0.0001555420
278 0.0001338750
279 0.0001348750
280 0.0001359170
281 0.0001371250
282 0.0001380830
283 0.0001387080
284 0.0001431250
285 0.0001408330
286 0.0001417920
287 0.0001424580
288 0.0001437080
289 0.0001448330
290 0.0001457500
291 0.0001466250
292 0.0001477920
293 0.0001537080
294 0.0001499160
295 0.0001537920
296 0.0001518750
297 0.0001528330
298 0.0001538750
299 0.0001546670
300 0.0001559590
301 0.0001569590
302 0.0001578330
303 0.0001586670
304 0.0001599160
305 0.0001611670
306 0.0001621670
307 0.0001662500
308 0.0001642080
309 0.0001652080
310 0.0001660420
311 0.0001671250
312 0.0001684170
313 0.0001695830
314 0.0001704590
315 0.0001711660
316 0.0001725830
317 0.0001737920
318 0.0001747500
319 0.0001756250
320 0.0001766670
321 0.0001780420
322 0.0001792920
323 0.0001832920
324 0.0001814160
325 0.0001827910
326 0.0001835420
327 0.0001845000
328 0.0001860000
329 0.0001902500
330 0.0001880420
331 0.0001889170
332 0.0001901660
333 0.0001915000
334 0.0001925830
335 0.0001933750
336 0.0001950000
337 0.0001961250
338 0.0001970000
339 0.0001981250
340 0.0001997500
341 0.0002007920
342 0.0002016670
343 0.0002024170
344 0.0002040830
345 0.0002052500
346 0.0002065830
347 0.0002073330
348 0.0002087920
349 0.0002150410
350 0.0002145000
351 0.0002119580
352 0.0002135420
353 0.0002147920
354 0.0002160830
355 0.0002167500
356 0.0002183330
357 0.0002196670
358 0.0002207910
359 0.0002215830
360 0.0002232500
361 0.0002245410
362 0.0002257920
363 0.0002267920
364 0.0002281660
365 0.0002422500
366 0.0002721670
367 0.0002316660
368 0.0002561250
369 0.0002344580
370 0.0002357500
371 0.0002366660
372 0.0002416670
373 0.0002395830
374 0.0002408750
375 0.0002450420
376 0.0002470830
377 0.0002445000
378 0.0002457500
379 0.0002467080
380 0.0002484170
381 0.0002497920
382 0.0002510000
383 0.0002552500
384 0.0002537080
385 0.0002547910
386 0.0002563330
387 0.0002577920
388 0.0002589170
389 0.0002604170
390 0.0002665420
391 0.0002623330
392 0.0002675420
393 0.0002657080
394 0.0002702920
395 0.0002679170
396 0.0002695000
397 0.0002709170
398 0.0002757500
399 0.0002733340
400 0.0002751250
401 0.0002763330
402 0.0002778330
403 0.0002786670
404 0.0002803340
405 0.0002852920
406 0.0002832080
407 0.0002841670
408 0.0002857920
409 0.0002874580
410 0.0002885840
411 0.0002896670
412 0.0002947910
413 0.0002930840
414 0.0002944160
415 0.0002954590
416 0.0002970000
417 0.0002987080
418 0.0003032920
419 0.0003009580
420 0.0003027080
421 0.0003077920
422 0.0003252090
423 0.0003100000
424 0.0003118330
425 0.0003154170
426 0.0003112920
427 0.0003291250
428 0.0003178750
429 0.0003158330
430 0.0003171670
431 0.0003213750
432 0.0003200830
433 0.0003217500
434 0.0003231660
435 0.0003275420
436 0.0003260830
437 0.0003309170
438 0.0003290830
439 0.0003299580
440 0.0003319580
441 0.0003334170
442 0.0003350000
443 0.0003391670
444 0.0003378750
445 0.0003396670
446 0.0003442500
447 0.0003418330
448 0.0003471250
449 0.0003485420
450 0.0003471250
451 0.0003479580
452 0.0003584170
453 0.0003520000
454 0.0003563750
455 0.0003591660
456 0.0003561250
457 0.0003587080
458 0.0003693330
459 0.0003608330
460 0.0003658330
461 0.0003684590
462 0.0003656670
463 0.0003667920
464 0.0003689580
465 0.0003737090
466 0.0003719580
467 0.0003899160
468 0.0003857500
469 0.0003767080
470 0.0003817090
471 0.0003793750
472 0.0003814170
473 0.0003832920
474 0.0003845410
475 0.0003889170
476 0.0003878750
477 0.0003976660
478 0.0004039590
479 0.0003917920
480 0.0003977500
481 0.0004095000
482 0.0004061660
483 0.0003985840
484 0.0004008330
485 0.0004060830
486 0.0004042920
487 0.0004052500
488 0.0004110420
489 0.0004094590
490 0.0004169580
491 0.0004120420
492 0.0004226250
493 0.0004244170
494 0.0004252920
495 0.0004187500
496 0.0004207080
497 0.0004227090
498 0.0004241660
499 0.0004290420
500 0.0004275420
501 0.0004330000
502 0.0004312080
503 0.0004321250
504 0.0004377920
505 0.0004414580
506 0.0004379590
507 0.0004388330
508 0.0004448330
509 0.0004435840
510 0.0004482080
511 0.0004455000
512 0.0004650410
513 0.0004534580
514 0.0004565840
515 0.0004573750
516 0.0004643750
517 0.0004689580
518 0.0004633340
519 0.0005029590
520 0.0004640000
521 0.0004774170
522 0.0004809160
523 0.0004832080
524 0.0004896250
525 0.0004906670
526 0.0004787080
527 0.0004916660
528 0.0004771250
529 0.0005072500
530 0.0004840830
531 0.0004981670
532 0.0005011250
533 0.0005056250
534 0.0005022920
535 0.0005171250
536 0.0004952500
537 0.0005045410
538 0.0005098330
539 0.0005050420
540 0.0004987500
541 0.0005116250
542 0.0005016660
543 0.0005198750
544 0.0005308340
545 0.0005294580
546 0.0005181250
547 0.0005352080
548 0.0005338750
549 0.0005305000
550 0.0005372920
551 0.0005327080
552 0.0005412910
553 0.0005267080
554 0.0005337920
555 0.0005435830
556 0.0005830000
557 0.0005405410
558 0.0006086250
559 0.0005636670
560 0.0005643750
561 0.0005700420
562 0.0006801250
563 0.0006236250
564 0.0006468330
565 0.0005457090
566 0.0005470830
567 0.0005481670
568 0.0005510410
569 0.0005558750
570 0.0005547920
571 0.0005560420
572 0.0005586250
573 0.0005607080
574 0.0006022500
575 0.0006107910
576 0.0006497500
577 0.0006057920
578 0.0005704580
579 0.0005732920
580 0.0005749170
581 0.0005764580
582 0.0005790830
583 0.0005795410
584 0.0006116250
585 0.0006305420
586 0.0005899170
587 0.0005875830
588 0.0005933330
589 0.0006002500
590 0.0005985840
591 0.0006027500
592 0.0006010000
593 0.0006143750
594 0.0006235840
595 0.0006182080
596 0.0006257090
597 0.0006261670
598 0.0006401250
599 0.0006356660
600 0.0006311660
601 0.0006797090
602 0.0006810420
603 0.0006318750
604 0.0006369160
605 0.0006387080
606 0.0006598330
607 0.0006404590
608 0.0006827500
609 0.0006470830
610 0.0006486660
611 0.0006516250
612 0.0006536670
613 0.0006550420
614 0.0006604590
615 0.0006606250
616 0.0006632500
617 0.0006676660
618 0.0006652500
619 0.0006655830
620 0.0006917500
621 0.0006733330
622 0.0006742500
623 0.0006782080
624 0.0006824590
625 0.0006823340
626 0.0007020410
627 0.0007042090
628 0.0006906660
629 0.0006941250
630 0.0006946670
631 0.0007003750
632 0.0006997080
633 0.0006988340
634 0.0007033330
635 0.0006999170
636 0.0007055000
637 0.0007110840
638 0.0007115840
639 0.0007090410
640 0.0007168750
641 0.0007163330
642 0.0007207080
643 0.0007176660
644 0.0007224170
645 0.0007143330
646 0.0007112910
647 0.0007155830
648 0.0007190000
649 0.0007182920
650 0.0007205830
651 0.0007432500
652 0.0007276250
653 0.0007300410
654 0.0007319170
655 0.0007330830
656 0.0007365420
657 0.0007350830
658 0.0007380830
659 0.0007436250
660 0.0007419170
661 0.0007480000
662 0.0007497090
663 0.0007475830
664 0.0007544580
665 0.0007825830
666 0.0007560000
667 0.0007595420
668 0.0007628750
669 0.0007655840
670 0.0007645000
671 0.0007655420
672 0.0007910830
673 0.0007765840
674 0.0007767080
675 0.0007780000
676 0.0007781670
677 0.0007836250
678 0.0007827080
679 0.0007870410
680 0.0007872090
681 0.0007897500
682 0.0007949170
683 0.0007927920
684 0.0007995410
685 0.0008037080
686 0.0008010410
687 0.0008055420
688 0.0008057080
689 0.0008120420
690 0.0008101250
691 0.0008149580
692 0.0008151670
693 0.0008423750
694 0.0008898340
695 0.0008572500
696 0.0008283750
697 0.0008320000
698 0.0008337080
699 0.0008306250
700 0.0008346250
701 0.0008404580
702 0.0008394580
703 0.0008411250
704 0.0008475000
705 0.0008464590
706 0.0008495000
707 0.0008505000
708 0.0008566660
709 0.0008613750
710 0.0008620830
711 0.0008624160
712 0.0008669170
713 0.0008665830
714 0.0009070830
715 0.0008720830
716 0.0008804580
717 0.0008781250
718 0.0008773750
719 0.0008816670
720 0.0008873330
721 0.0008877500
722 0.0008867080
723 0.0009110420
724 0.0008948330
725 0.0008948750
726 0.0008990000
727 0.0009012080
728 0.0009052920
729 0.0009194160
730 0.0009067920
731 0.0009579170
732 0.0009147090
733 0.0009221670
734 0.0009243750
735 0.0009254170
736 0.0009290830
737 0.0009279170
738 0.0009536660
739 0.0009373330
740 0.0009640420
741 0.0009423330
742 0.0009532920
743 0.0009761670
744 0.0009417920
745 0.0009484160
746 0.0009601670
747 0.0009570000
748 0.0009569580
749 0.0009579580
750 0.0009897500
751 0.0009606250
752 0.0009699170
753 0.0009785420
754 0.0009708750
755 0.0009937920
756 0.0009794170
757 0.0009928330
758 0.0010341670
759 0.0009801250
760 0.0010220830
761 0.0010022500
762 0.0009964170
763 0.0010142920
764 0.0009960000
765 0.0009994170
766 0.0010100830
767 0.0010417080
768 0.0010331670
769 0.0010230410
770 0.0010074170
771 0.0010284580
772 0.0010220000
773 0.0010282090
774 0.0010326670
775 0.0010435840
776 0.0010300830
777 0.0010260000
778 0.0010485830
779 0.0010479170
780 0.0010410830
781 0.0010550830
782 0.0010616670
783 0.0010628750
784 0.0010622920
785 0.0010662500
786 0.0010534580
787 0.0010544170
788 0.0010852090
789 0.0010763340
790 0.0010750000
791 0.0010930420
792 0.0010807920
793 0.0010874170
794 0.0010707080
795 0.0010910830
796 0.0010912500
797 0.0011072500
798 0.0011229590
799 0.0010868330
800 0.0011063340
801 0.0011072500
802 0.0011002920
803 0.0011178750
804 0.0011252920
805 0.0011587500
806 0.0011209170
807 0.0011232090
808 0.0011624580
809 0.0011234580
810 0.0011299590
811 0.0011427080
812 0.0011406660
813 0.0011667910
814 0.0011284160
815 0.0011302090
816 0.0011349590
817 0.0011351670
818 0.0011572500
819 0.0011595000
820 0.0011615420
821 0.0011785830
822 0.0011636250
823 0.0011786250
824 0.0011721250
825 0.0011563750
826 0.0011643750
827 0.0011753750
828 0.0011678750
829 0.0011854590
830 0.0011889160
831 0.0011742920
832 0.0011942910
833 0.0011853330
834 0.0011886670
835 0.0011882080
836 0.0012072090
837 0.0011975840
838 0.0012007090
839 0.0012120000
840 0.0012021660
841 0.0012205830
842 0.0012111250
843 0.0012235000
844 0.0012130000
845 0.0012357920
846 0.0012186250
847 0.0012314170
848 0.0012247090
849 0.0012318330
850 0.0012522920
851 0.0012523340
852 0.0012522500
853 0.0012508750
854 0.0012581670
855 0.0012574160
856 0.0012593330
857 0.0012676660
858 0.0012542500
859 0.0012590830
860 0.0012761250
861 0.0012664580
862 0.0012661250
863 0.0012900420
864 0.0012704580
865 0.0012902910
866 0.0012885000
867 0.0013041250
868 0.0012833750
869 0.0013053750
870 0.0012879590
871 0.0013000000
872 0.0012987080
873 0.0013141660
874 0.0013265840
875 0.0012983750
876 0.0013056250
877 0.0013247080
878 0.0013277920
879 0.0013360830
880 0.0013415840
881 0.0013402910
882 0.0013330000
883 0.0013245000
884 0.0013334170
885 0.0013671660
886 0.0013357090
887 0.0013611660
888 0.0013415840
889 0.0013495840
890 0.0013489580
891 0.0013637920
892 0.0013915420
893 0.0013715840
894 0.0013753750
895 0.0013637500
896 0.0013847500
897 0.0013740420
898 0.0013726670
899 0.0013731250
900 0.0013888750
901 0.0013860000
902 0.0013904580
903 0.0014037920
904 0.0014056250
905 0.0013935410
906 0.0013999580
907 0.0013980000
908 0.0014172090
909 0.0014034580
910 0.0014251660
911 0.0014187500
912 0.0014552500
913 0.0014732090
914 0.0014608340
915 0.0014637080
916 0.0014794580
917 0.0014877920
918 0.0014937080
919 0.0014902090
920 0.0014762920
921 0.0014880830
922 0.0015034170
923 0.0014876670
924 0.0015034580
925 0.0014971250
926 0.0015061660
927 0.0015175000
928 0.0015337920
929 0.0015080840
930 0.0015261250
931 0.0015706250
932 0.0015193330
933 0.0015635000
934 0.0015377080
935 0.0015268750
936 0.0015310000
937 0.0015398340
938 0.0015763750
939 0.0015642910
940 0.0015736250
941 0.0015818340
942 0.0016860000
943 0.0017470830
944 0.0016339170
945 0.0016280420
946 0.0015622920
947 0.0015713340
948 0.0016212080
949 0.0016137080
950 0.0016420000
951 0.0016414170
952 0.0016627080
953 0.0018248750
954 0.0018412500
955 0.0016027920
956 0.0015969580
957 0.0016352500
958 0.0016522500
959 0.0017200830
960 0.0016380420
961 0.0016042080
962 0.0016238750
963 0.0015732910
964 0.0015793330
965 0.0015970830
966 0.0015900000
967 0.0016006250
968 0.0017927080
969 0.0016000840
970 0.0015987920
971 0.0016000410
972 0.0016294580
973 0.0016057500
974 0.0016174580
975 0.0016128750
976 0.0016187500
977 0.0016426670
978 0.0017072090
979 0.0016511250
980 0.0016680830
981 0.0016355830
982 0.0016577500
983 0.0016392910
984 0.0016451670
985 0.0016454170
986 0.0016528340
987 0.0016840420
988 0.0016855410
989 0.0017357500
990 0.0016651670
991 0.0016620420
992 0.0017109590
993 0.0016755840
994 0.0016783330
995 0.0017009580
996 0.0017007910
997 0.0017083750
998 0.0017869580
999 0.0016893330

hoare:
1 0.0000002080
2 0.0000009580
3 0.0000000840
4 0.0000001670
5 0.0000001250
6 0.0000002090
7 0.0000002080
8 0.0000002500
9 0.0000002920
10 0.0000004580
11 0.0000003750
12 0.0000003340
13 0.0000004160
14 0.0000004170
15 0.0000005420
16 0.0000005000
17 0.0000005830
18 0.0000006250
19 0.0000007090
20 0.0000007080
21 0.0000007920
22 0.0000008330
23 0.0000009170
24 0.0000009580
25 0.0000010420
26 0.0000010840
27 0.0000012090
28 0.0000012500
29 0.0000013330
30 0.0000013750
31 0.0000015000
32 0.0000015420
33 0.0000016250
34 0.0000016670
35 0.0000020000
36 0.0000020000
37 0.0000021660
38 0.0000020830
39 0.0000022080
40 0.0000023750
41 0.0000025420
42 0.0000027080
43 0.0000025420
44 0.0000026670
45 0.0000027500
46 0.0000028340
47 0.0000029160
48 0.0000030420
49 0.0000031250
50 0.0000032920
51 0.0000033340
52 0.0000035000
53 0.0000038330
54 0.0000036670
55 0.0000037910
56 0.0000039590
57 0.0000040420
58 0.0000041250
59 0.0000042920
60 0.0000044160
61 0.0000045410
62 0.0000047090
63 0.0000048750
64 0.0000049160
65 0.0000050420
66 0.0000052500
67 0.0000053750
68 0.0000055000
69 0.0000056250
70 0.0000057920
71 0.0000060830
72 0.0000062500
73 0.0000063750
74 0.0000065000
75 0.0000067090
76 0.0000068750
77 0.0000070000
78 0.0000072500
79 0.0000073750
80 0.0000075000
81 0.0000076670
82 0.0000079170
83 0.0000080420
84 0.0000082500
85 0.0000083750
86 0.0000085420
87 0.0000086660
88 0.0000097500
89 0.0000093330
90 0.0000092910
91 0.0000094580
92 0.0000096670
93 0.0000097920
94 0.0000100410
95 0.0000101670
96 0.0000104170
97 0.0000105840
98 0.0000108750
99 0.0000110000
100 0.0000112090
101 0.0000114590
102 0.0000116250
103 0.0000118750
104 0.0000120840
105 0.0000124160
106 0.0000127080
107 0.0000128340
108 0.0000130830
109 0.0000133750
110 0.0000135420
111 0.0000137920
112 0.0000140000
113 0.0000143330
114 0.0000144160
115 0.0000147500
116 0.0000149580
117 0.0000152500
118 0.0000154580
119 0.0000156670
120 0.0000158330
121 0.0000161250
122 0.0000164590
123 0.0000166670
124 0.0000169160
125 0.0000172080
126 0.0000182910
127 0.0000176670
128 0.0000178750
129 0.0000182080
130 0.0000184170
131 0.0000187080
132 0.0000189580
133 0.0000192920
134 0.0000195000
135 0.0000197920
136 0.0000200830
137 0.0000203750
138 0.0000206250
139 0.0000209580
140 0.0000213750
141 0.0000217920
142 0.0000218750
143 0.0000222080
144 0.0000224590
145 0.0000227500
146 0.0000230420
147 0.0000233340
148 0.0000236670
149 0.0000239170
150 0.0000242920
151 0.0000245000
152 0.0000249580
153 0.0000251670
154 0.0000255000
155 0.0000264580
156 0.0000260420
157 0.0000263750
158 0.0000267910
159 0.0000270000
160 0.0000273330
161 0.0000277080
162 0.0000281250
163 0.0000283330
164 0.0000287920
165 0.0000289170
166 0.0000293750
167 0.0000296660
168 0.0000299170
169 0.0000304590
170 0.0000307500
171 0.0000310840
172 0.0000314170
173 0.0000316660
174 0.0000321670
175 0.0000325000
176 0.0000328330
177 0.0000332920
178 0.0000338330
179 0.0000350830
180 0.0000343750
181 0.0000347500
182 0.0000350420
183 0.0000354160
184 0.0000357080
185 0.0000362080
186 0.0000365000
187 0.0000368750
188 0.0000372090
189 0.0000374590
190 0.0000379580
191 0.0000383750
192 0.0000386660
193 0.0000391250
194 0.0000395830
195 0.0000398750
196 0.0000402910
197 0.0000406660
198 0.0000411250
199 0.0000413330
200 0.0000428750
201 0.0000422910
202 0.0000426250
203 0.0000429580
204 0.0000436250
205 0.0000437500
206 0.0000442920
207 0.0000448750
208 0.0000452090
209 0.0000456660
210 0.0000461250
211 0.0000466670
212 0.0000469590
213 0.0000473330
214 0.0000477500
215 0.0000481670
216 0.0000736250
217 0.0000491660
218 0.0000496250
219 0.0000500410
220 0.0000512500
221 0.0000509580
222 0.0000512920
223 0.0000517500
224 0.0000523330
225 0.0000526250
226 0.0000529580
227 0.0000536660
228 0.0000540000
229 0.0000655830
230 0.0000548340
231 0.0000556660
232 0.0000555840
233 0.0000562500
234 0.0000567080
235 0.0000572500
236 0.0000578330
237 0.0000579170
238 0.0000588340
239 0.0000590000
240 0.0000599580
241 0.0000601250
242 0.0000712090
243 0.0000626250
244 0.0000815410
245 0.0000905000
246 0.0000814170
247 0.0000630830
248 0.0000667910
249 0.0000640830
250 0.0000645830
251 0.0000649590
252 0.0000835830
253 0.0000668750
254 0.0000664580
255 0.0000669160
256 0.0000677910
257 0.0000681250
258 0.0000696660
259 0.0000697080
260 0.0000696670
261 0.0000700830
262 0.0000707500
263 0.0000721250
264 0.0000717090
265 0.0000721250
266 0.0000733750
267 0.0000732500
268 0.0000737910
269 0.0000746250
270 0.0000756660
271 0.0000755830
272 0.0000760830
273 0.0000771670
274 0.0000770830
275 0.0000827920
276 0.0000782920
277 0.0000794160
278 0.0000795420
279 0.0000800000
280 0.0000843750
281 0.0000811250
282 0.0000815830
283 0.0000822090
284 0.0000833330
285 0.0000832500
286 0.0000837500
287 0.0000879590
288 0.0000849170
289 0.0000855000
290 0.0000860830
291 0.0000904580
292 0.0000874580
293 0.0000880000
294 0.0000884170
295 0.0000895830
296 0.0000895000
297 0.0000901670
298 0.0000943750
299 0.0000947910
300 0.0000920420
301 0.0000929580
302 0.0000937920
303 0.0000938750
304 0.0000947910
305 0.0000959580
306 0.0000988750
307 0.0000962920
308 0.0000969580
309 0.0000980000
310 0.0000980420
311 0.0000987500
312 0.0000998330
313 0.0000999580
314 0.0001005830
315 0.0001010000
316 0.0001052920
317 0.0001025000
318 0.0001029580
319 0.0001075000
320 0.0001310000
321 0.0001049590
322 0.0001055000
323 0.0001116660
324 0.0001073750
325 0.0001077920
326 0.0001081250
327 0.0001165830
328 0.0001112090
329 0.0001100420
330 0.0001112500
331 0.0001113750
332 0.0001260840
333 0.0001388750
334 0.0001254580
335 0.0001144580
336 0.0001291250
337 0.0001289590
338 0.0001201660
339 0.0001166250
340 0.0001174170
341 0.0001185000
342 0.0001220000
343 0.0001193330
344 0.0001309160
345 0.0001501670
346 0.0001355420
347 0.0001535000
348 0.0001417910
349 0.0001270420
350 0.0001242080
351 0.0001291670
352 0.0001255000
353 0.0001261660
354 0.0001270420
355 0.0001316670
356 0.0001282500
357 0.0001290000
358 0.0001298750
359 0.0001342920
360 0.0001343330
361 0.0001318750
362 0.0001331670
363 0.0001330000
364 0.0001339160
365 0.0001348750
366 0.0001410420
367 0.0001395840
368 0.0001369170
369 0.0001415840
370 0.0001383750
371 0.0001391250
372 0.0001397500
373 0.0001410410
374 0.0001413750
375 0.0001417920
376 0.0001432910
377 0.0001435000
378 0.0001445410
379 0.0001484170
380 0.0001462910
381 0.0001463750
382 0.0001472500
383 0.0001863750
384 0.0001488750
385 0.0001500840
386 0.0001508750
387 0.0001545420
388 0.0001520000
389 0.0001561250
390 0.0001534170
391 0.0001582080
392 0.0001582910
393 0.0001558330
394 0.0001567500
395 0.0001605410
396 0.0001585420
397 0.0001589590
398 0.0001594170
399 0.0001610000
400 0.0001613340
401 0.0001618750
402 0.0001632500
403 0.0001635410
404 0.0001681670
405 0.0001651660
406 0.0001660000
407 0.0001673750
408 0.0001677080
409 0.0001683340
410 0.0001795830
411 0.0001843340
412 0.0001737080
413 0.0001715000
414 0.0001723750
415 0.0001734590
416 0.0001772500
417 0.0001748330
418 0.0001760840
419 0.0001765410
420 0.0001807080
421 0.0001783330
422 0.0001789580
423 0.0001835410
424 0.0001805420
425 0.0001812500
426 0.0001830420
427 0.0001876660
428 0.0001841250
429 0.0001847920
430 0.0001855000
431 0.0002155410
432 0.0001873330
433 0.0001881250
434 0.0001932500
435 0.0001992080
436 0.0001912500
437 0.0001947920
438 0.0001925830
439 0.0002187500
440 0.0002107920
441 0.0002052920
442 0.0001967080
443 0.0002216670
444 0.0001982500
445 0.0002138330
446 0.0002188330
447 0.0002485000
448 0.0002011250
449 0.0002035420
450 0.0002350000
451 0.0002164590
452 0.0002235000
453 0.0002055830
454 0.0002095830
455 0.0002079170
456 0.0002114170
457 0.0002092500
458 0.0002106250
459 0.0002108750
460 0.0002155830
461 0.0002126660
462 0.0002137920
463 0.0002150000
464 0.0002185420
465 0.0002165410
466 0.0002180840
467 0.0002183750
468 0.0002195420
469 0.0002518330
470 0.0002242910
471 0.0002225420
472 0.0002257500
473 0.0002271250
474 0.0002298750
475 0.0002258340
476 0.0002270000
477 0.0002275000
478 0.0002285420
479 0.0002331250
480 0.0002304580
481 0.0002311670
482 0.0002331250
483 0.0002364170
484 0.0002352910
485 0.0002349580
486 0.0002357500
487 0.0002375410
488 0.0002376660
489 0.0002388330
490 0.0002436250
491 0.0002446250
492 0.0002420840
493 0.0002427090
494 0.0002471670
495 0.0002460420
496 0.0002458750
497 0.0002467920
498 0.0002513750
499 0.0002490000
500 0.0002500410
501 0.0002506660
502 0.0002517500
503 0.0002546660
504 0.0002535000
505 0.0002543750
506 0.0002594580
507 0.0002577080
508 0.0002579580
509 0.0002582500
510 0.0002623330
511 0.0002746660
512 0.0002623750
513 0.0002926250
514 0.0002641250
515 0.0002946250
516 0.0002796670
517 0.0002815420
518 0.0002826250
519 0.0003197500
520 0.0003112910
521 0.0003004160
522 0.0003355830
523 0.0003106670
524 0.0002998750
525 0.0003317920
526 0.0003207090
527 0.0003555420
528 0.0003067080
529 0.0003267080
530 0.0003346670
531 0.0003697080
532 0.0003395420
533 0.0003445000
534 0.0003332090
535 0.0003510840
536 0.0003414170
537 0.0003139580
538 0.0003142500
539 0.0002897920
540 0.0002900830
541 0.0002955000
542 0.0002920840
543 0.0002938750
544 0.0002980840
545 0.0002955000
546 0.0003017910
547 0.0002975830
548 0.0002994580
549 0.0003032920
550 0.0003050420
551 0.0003020840
552 0.0003038750
553 0.0003044170
554 0.0003065420
555 0.0003065830
556 0.0003083330
557 0.0003119580
558 0.0003104170
559 0.0003106250
560 0.0003118340
561 0.0003130830
562 0.0003359170
563 0.0003216670
564 0.0003161250
565 0.0003307500
566 0.0003547080
567 0.0003456670
568 0.0003372500
569 0.0003225000
570 0.0003229170
571 0.0003247500
572 0.0003250410
573 0.0003269580
574 0.0003274170
575 0.0003295420
576 0.0003294580
577 0.0003319170
578 0.0003325410
579 0.0003330840
580 0.0003340420
581 0.0003351670
582 0.0003365420
583 0.0003372090
584 0.0003385410
585 0.0003396670
586 0.0003408330
587 0.0003639580
588 0.0003762500
589 0.0003447500
590 0.0003457920
591 0.0003472080
592 0.0003484170
593 0.0003491250
594 0.0003505420
595 0.0004083330
596 0.0003524170
597 0.0003537090
598 0.0003581670
599 0.0003560830
600 0.0003569580
601 0.0003584160
602 0.0003592500
603 0.0003640000
604 0.0003618750
605 0.0003630830
606 0.0003684170
607 0.0003653340
608 0.0003668750
609 0.0003710410
610 0.0003689590
611 0.0003734580
612 0.0003721670
613 0.0004275000
614 0.0003784170
615 0.0003840000
616 0.0003760420
617 0.0003770000
618 0.0003820420
619 0.0003831660
620 0.0003810420
621 0.0003856250
622 0.0003833750
623 0.0003845000
624 0.0003892500
625 0.0003868750
626 0.0003883750
627 0.0003897080
628 0.0003906670
629 0.0003952080
630 0.0003933330
631 0.0003946670
632 0.0004005410
633 0.0003967500
634 0.0004016250
635 0.0003995420
636 0.0004004580
637 0.0004054160
638 0.0004030830
639 0.0004072500
640 0.0004066250
641 0.0004065840
642 0.0004082920
643 0.0004093330
644 0.0004137910
645 0.0004117500
646 0.0004130000
647 0.0004143750
648 0.0004189170
649 0.0004174170
650 0.0004180840
651 0.0004233340
652 0.0004207500
653 0.0004258340
654 0.0004419580
655 0.0004446670
656 0.0004281670
657 0.0004355840
658 0.0004319590
659 0.0004330830
660 0.0004309170
661 0.0004326250
662 0.0004369160
663 0.0004385000
664 0.0004394170
665 0.0004408750
666 0.0004389580
667 0.0004434160
668 0.0004447090
669 0.0004430000
670 0.0004442500
671 0.0004485420
672 0.0004465830
673 0.0004510410
674 0.0004493330
675 0.0004507500
676 0.0004550000
677 0.0004530420
678 0.0004591250
679 0.0004561250
680 0.0004605830
681 0.0004587920
682 0.0004598750
683 0.0004610830
684 0.0004657090
685 0.0004672090
686 0.0004649580
687 0.0004697080
688 0.0004710420
689 0.0004691250
690 0.0004707920
691 0.0004921250
692 0.0004775830
693 0.0004807500
694 0.0004793750
695 0.0004772920
696 0.0004787910
697 0.0004798330
698 0.0004849590
699 0.0004875000
700 0.0004841670
701 0.0004886670
702 0.0004866660
703 0.0004880420
704 0.0004898330
705 0.0004942080
706 0.0004922500
707 0.0004938340
708 0.0004982500
709 0.0004963750
710 0.0005012090
711 0.0004992500
712 0.0005039160
713 0.0005170000
714 0.0005033750
715 0.0005047500
716 0.0005095000
717 0.0005077080
718 0.0005092500
719 0.0005151250
720 0.0005152500
721 0.0005132500
722 0.0005146660
723 0.0005164170
724 0.0005175000
725 0.0005187920
726 0.0005393750
727 0.0005689580
728 0.0005767920
729 0.0005242500
730 0.0005291670
731 0.0005302910
732 0.0005318750
733 0.0005303750
734 0.0005316670
735 0.0005364580
736 0.0005344160
737 0.0005356660
738 0.0005457500
739 0.0005422920
740 0.0005401250
741 0.0005419580
742 0.0005465000
743 0.0005448330
744 0.0005459580
745 0.0005476660
746 0.0005522500
747 0.0005502500
748 0.0005519590
749 0.0005570840
750 0.0005548330
751 0.0005569580
752 0.0005578330
753 0.0005625830
754 0.0005611250
755 0.0005829170
756 0.0005938330
757 0.0005652910
758 0.0006203750
759 0.0005714160
760 0.0005694170
761 0.0005808330
762 0.0005760000
763 0.0005772910
764 0.0005756250
765 0.0005808750
766 0.0005815840
767 0.0005800830
768 0.0005846660
769 0.0005831660
770 0.0005876670
771 0.0005895000
772 0.0005875000
773 0.0005936250
774 0.0005902920
775 0.0005918750
776 0.0005965420
777 0.0005949160
778 0.0005960840
779 0.0005989170
780 0.0006029580
781 0.0006010830
782 0.0006063750
783 0.0006576250
784 0.0006095000
785 0.0006143750
786 0.0006128750
787 0.0006146670
788 0.0006304580
789 0.0006177080
790 0.0006274170
791 0.0006266670
792 0.0006394160
793 0.0006266670
794 0.0006512500
795 0.0006260000
796 0.0006249170
797 0.0006423330
798 0.0006487920
799 0.0006297500
800 0.0006469170
801 0.0006481660
802 0.0006504170
803 0.0006354580
804 0.0006521250
805 0.0006530830
806 0.0006621670
807 0.0006561670
808 0.0006653330
809 0.0006672920
810 0.0006510000
811 0.0006518750
812 0.0006640420
813 0.0006506660
814 0.0006721670
815 0.0006684580
816 0.0006552920
817 0.0006621250
818 0.0006630420
819 0.0006785830
820 0.0006670830
821 0.0006727500
822 0.0006853750
823 0.0006860410
824 0.0006836250
825 0.0006905000
826 0.0006906250
827 0.0007300420
828 0.0006788330
829 0.0006763750
830 0.0006916250
831 0.0007001670
832 0.0006845830
833 0.0006919580
834 0.0006961660
835 0.0007052080
836 0.0007124170
837 0.0006929590
838 0.0007090830
839 0.0006997500
840 0.0007125410
841 0.0007148330
842 0.0007016670
843 0.0007065420
844 0.0007111250
845 0.0007056670
846 0.0007201250
847 0.0007246670
848 0.0007260000
849 0.0007111670
850 0.0007302500
851 0.0007197500
852 0.0007267090
853 0.0007677090
854 0.0007236670
855 0.0007232910
856 0.0007387500
857 0.0007298750
858 0.0007430420
859 0.0007444590
860 0.0007461670
861 0.0007333750
862 0.0007503750
863 0.0007322090
864 0.0007378750
865 0.0007505420
866 0.0007652920
867 0.0007573750
868 0.0007650410
869 0.0007540000
870 0.0007708750
871 0.0007527500
872 0.0007477920
873 0.0007496670
874 0.0007788750
875 0.0007617920
876 0.0007623330
877 0.0007672920
878 0.0007732500
879 0.0007798750
880 0.0007850000
881 0.0007911670
882 0.0007680840
883 0.0007845000
884 0.0007867910
885 0.0007847500
886 0.0007895000
887 0.0007825000
888 0.0007944170
889 0.0007878750
890 0.0007826660
891 0.0007909590
892 0.0007857920
893 0.0007849160
894 0.0008044580
895 0.0007910000
896 0.0008052500
897 0.0008011250
898 0.0007941670
899 0.0008130000
900 0.0008132080
901 0.0008163750
902 0.0008190000
903 0.0008056250
904 0.0008195830
905 0.0008080410
906 0.0008252920
907 0.0008234160
908 0.0008262080
909 0.0008255420
910 0.0008288750
911 0.0008184170
912 0.0008282920
913 0.0008394580
914 0.0008406250
915 0.0008270000
916 0.0008512920
917 0.0008293750
918 0.0008467920
919 0.0008485830
920 0.0008479580
921 0.0008505830
922 0.0008535410
923 0.0008399170
924 0.0008622080
925 0.0008571670
926 0.0008460840
927 0.0008598750
928 0.0008550000
929 0.0008660830
930 0.0008761670
931 0.0008696250
932 0.0008561670
933 0.0008772090
934 0.0008595000
935 0.0008767500
936 0.0008654160
937 0.0008655420
938 0.0008818330
939 0.0008836250
940 0.0008824580
941 0.0008854580
942 0.0008830840
943 0.0008759590
944 0.0008777080
945 0.0008924170
946 0.0008927090
947 0.0008955410
948 0.0008865000
949 0.0008840840
950 0.0009077080
951 0.0009030830
952 0.0009087920
953 0.0009101250
954 0.0008972500
955 0.0008950840
956 0.0009047500
957 0.0009135840
958 0.0009185830
959 0.0009262500
960 0.0009182080
961 0.0009102500
962 0.0009115000
963 0.0009130420
964 0.0009352080
965 0.0009334160
966 0.0009158340
967 0.0009389590
968 0.0009459590
969 0.0009257500
970 0.0009386250
971 0.0009407500
972 0.0009271250
973 0.0009449580
974 0.0009496670
975 0.0009505000
976 0.0009527500
977 0.0009508340
978 0.0009562920
979 0.0009454580
980 0.0009737080
981 0.0009590410
982 0.0009668750
983 0.0009625830
984 0.0009775830
985 0.0009702090
986 0.0009993340
987 0.0010237090
988 0.0010585000
989 0.0011288750
990 0.0010140410
991 0.0010202500
992 0.0010192920
993 0.0010217920
994 0.0010251660
995 0.0010302500
996 0.0010325830
997 0.0010404590
998 0.0010337910
999 0.0010348340

median:
1 0.0000000410
2 0.0000007920
3 0.0000001670
4 0.0000001250
5 0.0000002080
6 0.0000002090
7 0.0000002090
8 0.0000001670
9 0.0000002500
10 0.0000002500
11 0.0000002500
12 0.0000002910
13 0.0000003340
14 0.0000003340
15 0.0000003750
16 0.0000003330
17 0.0000004170
18 0.0000004170
19 0.0000004170
20 0.0000004170
21 0.0000005000
22 0.0000005000
23 0.0000006660
24 0.0000005420
25 0.0000005840
26 0.0000005410
27 0.0000006250
28 0.0000005840
29 0.0000006660
30 0.0000006660
31 0.0000007080
32 0.0000007090
33 0.0000007920
34 0.0000015830
35 0.0000009590
36 0.0000008330
37 0.0000008340
38 0.0000008330
39 0.0000009170
40 0.0000009160
41 0.0000009590
42 0.0000010420
43 0.0000010840
44 0.0000010000
45 0.0000010410
46 0.0000011250
47 0.0000012080
48 0.0000010830
49 0.0000011250
50 0.0000011250
51 0.0000012090
52 0.0000012080
53 0.0000012500
54 0.0000012500
55 0.0000013330
56 0.0000013340
57 0.0000013750
58 0.0000013750
59 0.0000014590
60 0.0000014580
61 0.0000015000
62 0.0000015000
63 0.0000015000
64 0.0000015000
65 0.0000015000
66 0.0000015420
67 0.0000015840
68 0.0000015420
69 0.0000016660
70 0.0000017080
71 0.0000016670
72 0.0000016670
73 0.0000017500
74 0.0000017910
75 0.0000017080
76 0.0000018750
77 0.0000018330
78 0.0000019170
79 0.0000020000
80 0.0000019170
81 0.0000020000
82 0.0000020830
83 0.0000020830
84 0.0000020000
85 0.0000020410
86 0.0000020840
87 0.0000021670
88 0.0000022500
89 0.0000022080
90 0.0000023750
91 0.0000022500
92 0.0000022920
93 0.0000023340
94 0.0000023750
95 0.0000022920
96 0.0000031670
97 0.0000023330
98 0.0000024590
99 0.0000025000
100 0.0000025000
101 0.0000024580
102 0.0000025000
103 0.0000025830
104 0.0000025000
105 0.0000025420
106 0.0000026660
107 0.0000026250
108 0.0000027090
109 0.0000027090
110 0.0000027500
111 0.0000027080
112 0.0000026670
113 0.0000028340
114 0.0000030000
115 0.0000030410
116 0.0000028750
117 0.0000029580
118 0.0000030000
119 0.0000029580
120 0.0000029580
121 0.0000032080
122 0.0000031250
123 0.0000031670
124 0.0000031250
125 0.0000031250
126 0.0000031670
127 0.0000032080
128 0.0000031250
129 0.0000032080
130 0.0000032920
131 0.0000039160
132 0.0000033330
133 0.0000032920
134 0.0000033750
135 0.0000034580
136 0.0000035000
137 0.0000034170
138 0.0000034160
139 0.0000034590
140 0.0000034580
141 0.0000035410
142 0.0000035000
143 0.0000035830
144 0.0000035420
145 0.0000036670
146 0.0000036660
147 0.0000037500
148 0.0000037910
149 0.0000038750
150 0.0000039580
151 0.0000039170
152 0.0000039160
153 0.0000039170
154 0.0000040000
155 0.0000040000
156 0.0000039580
157 0.0000040000
158 0.0000040410
159 0.0000047090
160 0.0000039590
161 0.0000040830
162 0.0000042080
163 0.0000042080
164 0.0000042090
165 0.0000042920
166 0.0000042920
167 0.0000042910
168 0.0000042920
169 0.0000045420
170 0.0000043330
171 0.0000045000
172 0.0000045420
173 0.0000046250
174 0.0000045830
175 0.0000045840
176 0.0000045830
177 0.0000046670
178 0.0000049170
179 0.0000048750
180 0.0000048330
181 0.0000049580
182 0.0000049170
183 0.0000048750
184 0.0000049160
185 0.0000049590
186 0.0000052080
187 0.0000050000
188 0.0000051250
189 0.0000050000
190 0.0000049590
191 0.0000050830
192 0.0000050000
193 0.0000050420
194 0.0000052080
195 0.0000052090
196 0.0000051670
197 0.0000053340
198 0.0000054160
199 0.0000054170
200 0.0000053750
201 0.0000053750
202 0.0000053330
203 0.0000053750
204 0.0000054170
205 0.0000056250
206 0.0000054580
207 0.0000055000
208 0.0000056660
209 0.0000057090
210 0.0000055840
211 0.0000057090
212 0.0000058330
213 0.0000058750
214 0.0000056660
215 0.0000058330
216 0.0000056660
217 0.0000060000
218 0.0000059580
219 0.0000059170
220 0.0000060000
221 0.0000059580
222 0.0000058340
223 0.0000058330
224 0.0000059160
225 0.0000060840
226 0.0000062080
227 0.0000063330
228 0.0000062080
229 0.0000062920
230 0.0000062920
231 0.0000064170
232 0.0000062500
233 0.0000063750
234 0.0000065830
235 0.0000063340
236 0.0000065000
237 0.0000065410
238 0.0000064580
239 0.0000065420
240 0.0000064170
241 0.0000066670
242 0.0000069160
243 0.0000067090
244 0.0000066670
245 0.0000067080
246 0.0000068330
247 0.0000068330
248 0.0000067090
249 0.0000069590
250 0.0000067920
251 0.0000066660
252 0.0000068330
253 0.0000069580
254 0.0000070000
255 0.0000067500
256 0.0000067920
257 0.0000069170
258 0.0000070420
259 0.0000070420
260 0.0000070000
261 0.0000069580
262 0.0000070830
263 0.0000071670
264 0.0000071250
265 0.0000074170
266 0.0000073340
267 0.0000072500
268 0.0000072080
269 0.0000072500
270 0.0000072500
271 0.0000072500
272 0.0000072500
273 0.0000073340
274 0.0000073750
275 0.0000073750
276 0.0000075830
277 0.0000075000
278 0.0000075830
279 0.0000075830
280 0.0000075420
281 0.0000076660
282 0.0000077080
283 0.0000076670
284 0.0000077500
285 0.0000077920
286 0.0000077920
287 0.0000079170
288 0.0000077500
289 0.0000079170
290 0.0000079580
291 0.0000080000
292 0.0000081670
293 0.0000082080
294 0.0000083330
295 0.0000083330
296 0.0000083340
297 0.0000084590
298 0.0000085000
299 0.0000087080
300 0.0000087500
301 0.0000085830
302 0.0000085000
303 0.0000087080
304 0.0000085830
305 0.0000087080
306 0.0000087090
307 0.0000088340
308 0.0000087080
309 0.0000090000
310 0.0000088340
311 0.0000090830
312 0.0000088750
313 0.0000088750
314 0.0000088340
315 0.0000088330
316 0.0000088330
317 0.0000088750
318 0.0000087910
319 0.0000087920
320 0.0000088340
321 0.0000089160
322 0.0000094170
323 0.0000090000
324 0.0000091660
325 0.0000088750
326 0.0000091250
327 0.0000090840
328 0.0000092080
329 0.0000095410
330 0.0000092920
331 0.0000092910
332 0.0000093340
333 0.0000094170
334 0.0000093750
335 0.0000093340
336 0.0000095410
337 0.0000094160
338 0.0000096250
339 0.0000096250
340 0.0000096660
341 0.0000097090
342 0.0000097500
343 0.0000097500
344 0.0000099580
345 0.0000100000
346 0.0000100420
347 0.0000099580
348 0.0000099170
349 0.0000099170
350 0.0000097920
351 0.0000099590
352 0.0000100000
353 0.0000102920
354 0.0000103750
355 0.0000102920
356 0.0000102500
357 0.0000103330
358 0.0000103750
359 0.0000103750
360 0.0000105000
361 0.0000105840
362 0.0000105000
363 0.0000105420
364 0.0000105830
365 0.0000106250
366 0.0000107090
367 0.0000105410
368 0.0000104160
369 0.0000105420
370 0.0000107080
371 0.0000107920
372 0.0000107500
373 0.0000109160
374 0.0000106670
375 0.0000108750
376 0.0000108750
377 0.0000110420
378 0.0000108330
379 0.0000108750
380 0.0000107920
381 0.0000108750
382 0.0000109160
383 0.0000107080
384 0.0000106670
385 0.0000108750
386 0.0000111250
387 0.0000110000
388 0.0000109580
389 0.0000112090
390 0.0000110420
391 0.0000113750
392 0.0000112080
393 0.0000112500
394 0.0000113750
395 0.0000114590
396 0.0000113750
397 0.0000113750
398 0.0000114580
399 0.0000116250
400 0.0000116670
401 0.0000115000
402 0.0000118750
403 0.0000116670
404 0.0000117500
405 0.0000117080
406 0.0000118330
407 0.0000117920
408 0.0000117910
409 0.0000120420
410 0.0000119170
411 0.0000119160
412 0.0000119170
413 0.0000120000
414 0.0000119160
415 0.0000119590
416 0.0000118750
417 0.0000119590
418 0.0000121670
419 0.0000122080
420 0.0000123330
421 0.0000122080
422 0.0000123330
423 0.0000123330
424 0.0000122920
425 0.0000126250
426 0.0000125000
427 0.0000127920
428 0.0000125420
429 0.0000126670
430 0.0000127080
431 0.0000126670
432 0.0000125830
433 0.0000124580
434 0.0000125000
435 0.0000127500
436 0.0000126250
437 0.0000128330
438 0.0000127920
439 0.0000130000
440 0.0000129170
441 0.0000128750
442 0.0000129170
443 0.0000128340
444 0.0000129170
445 0.0000127920
446 0.0000129590
447 0.0000129580
448 0.0000128750
449 0.0000129590
450 0.0000132920
451 0.0000130840
452 0.0000132090
453 0.0000133330
454 0.0000132920
455 0.0000133750
456 0.0000135000
457 0.0000133750
458 0.0000133750
459 0.0000133750
460 0.0000136250
461 0.0000135830
462 0.0000136670
463 0.0000137920
464 0.0000139170
465 0.0000137920
466 0.0000138750
467 0.0000138750
468 0.0000139170
469 0.0000138340
470 0.0000140410
471 0.0000140000
472 0.0000138750
473 0.0000139580
474 0.0000140830
475 0.0000139170
476 0.0000139580
477 0.0000140830
478 0.0000141670
479 0.0000140410
480 0.0000140000
481 0.0000142090
482 0.0000140840
483 0.0000141250
484 0.0000141670
485 0.0000142920
486 0.0000143750
487 0.0000144580
488 0.0000144580
489 0.0000144580
490 0.0000145000
491 0.0000144580
492 0.0000145420
493 0.0000144580
494 0.0000146660
495 0.0000143750
496 0.0000145830
497 0.0000147500
498 0.0000145840
499 0.0000147910
500 0.0000146670
501 0.0000146670
502 0.0000148330
503 0.0000147090
504 0.0000147500
505 0.0000146670
506 0.0000147090
507 0.0000147500
508 0.0000148330
509 0.0000146670
510 0.0000147920
511 0.0000145830
512 0.0000146250
513 0.0000148330
514 0.0000149160
515 0.0000150420
516 0.0000150420
517 0.0000148750
518 0.0000150840
519 0.0000150420
520 0.0000151250
521 0.0000149160
522 0.0000152080
523 0.0000152500
524 0.0000151670
525 0.0000154580
526 0.0000153750
527 0.0000153750
528 0.0000153330
529 0.0000155000
530 0.0000155840
531 0.0000155000
532 0.0000156250
533 0.0000155000
534 0.0000155420
535 0.0000157920
536 0.0000156670
537 0.0000157080
538 0.0000157080
539 0.0000156250
540 0.0000157500
541 0.0000158750
542 0.0000155830
543 0.0000155420
544 0.0000157500
545 0.0000156670
546 0.0000157080
547 0.0000157920
548 0.0000159580
549 0.0000161250
550 0.0000158330
551 0.0000160410
552 0.0000162080
553 0.0000161670
554 0.0000160840
555 0.0000162080
556 0.0000162500
557 0.0000163750
558 0.0000160840
559 0.0000163330
560 0.0000162500
561 0.0000163750
562 0.0000163330
563 0.0000164170
564 0.0000165420
565 0.0000165000
566 0.0000165830
567 0.0000165840
568 0.0000166250
569 0.0000165830
570 0.0000167500
571 0.0000165000
572 0.0000165420
573 0.0000166670
574 0.0000165830
575 0.0000165000
576 0.0000167500
577 0.0000165420
578 0.0000169170
579 0.0000171250
580 0.0000168340
581 0.0000170000
582 0.0000171250
583 0.0000170830
584 0.0000170420
585 0.0000171670
586 0.0000173330
587 0.0000175000
588 0.0000174580
589 0.0000175420
590 0.0000177910
591 0.0000176250
592 0.0000175840
593 0.0000177500
594 0.0000177090
595 0.0000178340
596 0.0000179170
597 0.0000177920
598 0.0000179580
599 0.0000178330
600 0.0000179160
601 0.0000180000
602 0.0000179590
603 0.0000180420
604 0.0000179580
605 0.0000180420
606 0.0000180830
607 0.0000179590
608 0.0000181250
609 0.0000180410
610 0.0000182920
611 0.0000182920
612 0.0000184580
613 0.0000185000
614 0.0000183750
615 0.0000184170
616 0.0000185000
617 0.0000186250
618 0.0000186660
619 0.0000187080
620 0.0000186670
621 0.0000186670
622 0.0000185830
623 0.0000185830
624 0.0000188750
625 0.0000187090
626 0.0000187910
627 0.0000188330
628 0.0000185420
629 0.0000187090
630 0.0000185830
631 0.0000187500
632 0.0000187080
633 0.0000188340
634 0.0000190000
635 0.0000186670
636 0.0000187500
637 0.0000187910
638 0.0000186250
639 0.0000186670
640 0.0000185830
641 0.0000187920
642 0.0000189170
643 0.0000190830
644 0.0000193330
645 0.0000193330
646 0.0000193750
647 0.0000194170
648 0.0000194160
649 0.0000195830
650 0.0000194580
651 0.0000195410
652 0.0000195830
653 0.0000195000
654 0.0000197080
655 0.0000197080
656 0.0000197080
657 0.0000199580
658 0.0000198750
659 0.0000199160
660 0.0000197500
661 0.0000199580
662 0.0000199580
663 0.0000199590
664 0.0000200000
665 0.0000200000
666 0.0000200420
667 0.0000200420
668 0.0000200410
669 0.0000199580
670 0.0000205000
671 0.0000197910
672 0.0000200000
673 0.0000201660
674 0.0000202080
675 0.0000247090
676 0.0000222910
677 0.0000216250
678 0.0000217080
679 0.0000205000
680 0.0000206670
681 0.0000207080
682 0.0000208750
683 0.0000209170
684 0.0000210000
685 0.0000210830
686 0.0000211250
687 0.0000211670
688 0.0000212080
689 0.0000212500
690 0.0000213750
691 0.0000212910
692 0.0000212910
693 0.0000210420
694 0.0000214170
695 0.0000214160
696 0.0000213340
697 0.0000214170
698 0.0000213330
699 0.0000240000
700 0.0000241670
701 0.0000224580
702 0.0000212500
703 0.0000214170
704 0.0000213330
705 0.0000217080
706 0.0000216670
707 0.0000218330
708 0.0000219580
709 0.0000219580
710 0.0000219170
711 0.0000222500
712 0.0000264580
713 0.0000234170
714 0.0000230830
715 0.0000222920
716 0.0000221250
717 0.0000222500
718 0.0000222500
719 0.0000221250
720 0.0000222920
721 0.0000220420
722 0.0000220830
723 0.0000225000
724 0.0000222090
725 0.0000223330
726 0.0000224170
727 0.0000225420
728 0.0000222080
729 0.0000283340
730 0.0000232500
731 0.0000230000
732 0.0000222500
733 0.0000224170
734 0.0000223750
735 0.0000222920
736 0.0000260000
737 0.0000247920
738 0.0000238750
739 0.0000230000
740 0.0000228750
741 0.0000229580
742 0.0000226670
743 0.0000231250
744 0.0000231670
745 0.0000231660
746 0.0000232500
747 0.0000233750
748 0.0000232920
749 0.0000232500
750 0.0000232080
751 0.0000232090
752 0.0000234170
753 0.0000269170
754 0.0000252920
755 0.0000242500
756 0.0000232500
757 0.0000230420
758 0.0000232500
759 0.0000229170
760 0.0000230830
761 0.0000230000
762 0.0000232920
763 0.0000230830
764 0.0000228750
765 0.0000230000
766 0.0000287500
767 0.0000240000
768 0.0000232080
769 0.0000239170
770 0.0000233330
771 0.0000235420
772 0.0000236670
773 0.0000234580
774 0.0000237500
775 0.0000237500
776 0.0000237910
777 0.0000237500
778 0.0000238750
779 0.0000240830
780 0.0000240420
781 0.0000240830
782 0.0000239580
783 0.0000308750
784 0.0000254170
785 0.0000239160
786 0.0000241250
787 0.0000240000
788 0.0000242920
789 0.0000242090
790 0.0000243750
791 0.0000243340
792 0.0000243330
793 0.0000244170
794 0.0000243750
795 0.0000245410
796 0.0000245000
797 0.0000245000
798 0.0000245420
799 0.0000245830
800 0.0000246670
801 0.0000246250
802 0.0000249160
803 0.0000247920
804 0.0000249580
805 0.0000262920
806 0.0000286250
807 0.0000262500
808 0.0000250410
809 0.0000250830
810 0.0000250410
811 0.0000253340
812 0.0000251250
813 0.0000252500
814 0.0000252080
815 0.0000252500
816 0.0000251670
817 0.0000326250
818 0.0000274590
819 0.0000256250
820 0.0000254170
821 0.0000312910
822 0.0000265420
823 0.0000257500
824 0.0000250840
825 0.0000254590
826 0.0000253330
827 0.0000253330
828 0.0000254160
829 0.0000251670
830 0.0000338340
831 0.0000277910
832 0.0000241250
833 0.0000241670
834 0.0000242920
835 0.0000245410
836 0.0000244580
837 0.0000247500
838 0.0000246670
839 0.0000246670
840 0.0000247080
841 0.0000247500
842 0.0000248330
843 0.0000247500
844 0.0000248750
845 0.0000250420
846 0.0000251670
847 0.0000252080
848 0.0000249590
849 0.0000250420
850 0.0000248750
851 0.0000250410
852 0.0000251670
853 0.0000251250
854 0.0000250420
855 0.0000252090
856 0.0000254160
857 0.0000254160
858 0.0000252920
859 0.0000252920
860 0.0000255000
861 0.0000252500
862 0.0000254590
863 0.0000254590
864 0.0000254170
865 0.0000254580
866 0.0000253750
867 0.0000253750
868 0.0000255420
869 0.0000255830
870 0.0000256660
871 0.0000260420
872 0.0000258750
873 0.0000259170
874 0.0000259160
875 0.0000260420
876 0.0000257920
877 0.0000258330
878 0.0000258750
879 0.0000260420
880 0.0000260420
881 0.0000258750
882 0.0000258750
883 0.0000259580
884 0.0000258750
885 0.0000259170
886 0.0000260000
887 0.0000261250
888 0.0000262090
889 0.0000261250
890 0.0000264590
891 0.0000260000
892 0.0000257080
893 0.0000258330
894 0.0000260000
895 0.0000260840
896 0.0000259580
897 0.0000263330
898 0.0000266250
899 0.0000265000
900 0.0000267500
901 0.0000264580
902 0.0000264590
903 0.0000273340
904 0.0000268330
905 0.0000268750
906 0.0000271670
907 0.0000277500
908 0.0000272080
909 0.0000268340
910 0.0000269580
911 0.0000276670
912 0.0000271250
913 0.0000271250
914 0.0000270420
915 0.0000271670
916 0.0000274590
917 0.0000274160
918 0.0000272500
919 0.0000274170
920 0.0000274160
921 0.0000277500
922 0.0000282910
923 0.0000280000
924 0.0000275410
925 0.0000279580
926 0.0000282080
927 0.0000285000
928 0.0000278330
929 0.0000282080
930 0.0000279160
931 0.0000283340
932 0.0000282500
933 0.0000280420
934 0.0000280410
935 0.0000288340
936 0.0000280000
937 0.0000280000
938 0.0000280000
939 0.0000286250
940 0.0000286250
941 0.0000294170
942 0.0000282080
943 0.0000290840
944 0.0000282500
945 0.0000286660
946 0.0000282080
947 0.0000283330
948 0.0000286250
949 0.0000283330
950 0.0000282920
951 0.0000290000
952 0.0000283750
953 0.0000289590
954 0.0000284170
955 0.0000285420
956 0.0000283330
957 0.0000287920
958 0.0000284170
959 0.0000294170
960 0.0000290000
961 0.0000290830
962 0.0000286250
963 0.0000289170
964 0.0000285410
965 0.0000290000
966 0.0000286660
967 0.0000290840
968 0.0000293750
969 0.0000300410
970 0.0000292500
971 0.0000292080
972 0.0000290830
973 0.0000289580
974 0.0000291670
975 0.0000300420
976 0.0000295830
977 0.0000305840
978 0.0000298340
979 0.0000295000
980 0.0000301250
981 0.0000301250
982 0.0000294590
983 0.0000295830
984 0.0000303330
985 0.0000295420
986 0.0000303750
987 0.0000299160
988 0.0000297500
989 0.0000300420
990 0.0000294590
991 0.0000293750
992 0.0000300420
993 0.0000301250
994 0.0000300420
995 0.0000312080
996 0.0000296670
997 0.0000305000
998 0.0000297500
999 0.0000302090
