lomuto:
1 0.0000000000
2 0.0000003750
3 0.0000000840
4 0.0000001670
5 0.0000001670
6 0.0000002080
7 0.0000002500
8 0.0000002920
9 0.0000003330
10 0.0000004160
11 0.0000004580
12 0.0000005000
13 0.0000005830
14 0.0000006670
15 0.0000007500
16 0.0000008330
17 0.0000009170
18 0.0000010420
19 0.0000011250
20 0.0000012500
21 0.0000013750
22 0.0000014590
23 0.0000015840
24 0.0000017080
25 0.0000018750
26 0.0000020420
27 0.0000021250
28 0.0000022500
29 0.0000024580
30 0.0000026250
31 0.0000027920
32 0.0000029580
33 0.0000031250
34 0.0000034580
35 0.0000036250
36 0.0000038340
37 0.0000040420
38 0.0000042500
39 0.0000044160
40 0.0000047090
41 0.0000048750
42 0.0000050000
43 0.0000052910
44 0.0000055000
45 0.0000057090
46 0.0000060000
47 0.0000062500
48 0.0000064590
49 0.0000067500
50 0.0000070000
51 0.0000072920
52 0.0000075420
53 0.0000077920
54 0.0000080420
55 0.0000083330
56 0.0000086670
57 0.0000089580
58 0.0000091660
59 0.0000095410
60 0.0000098750
61 0.0000100840
62 0.0000104590
63 0.0000107920
64 0.0000112080
65 0.0000115000
66 0.0000120000
67 0.0000122090
68 0.0000126250
69 0.0000130410
70 0.0000132920
71 0.0000137910
72 0.0000140840
73 0.0000145420
74 0.0000147500
75 0.0000152090
76 0.0000156250
77 0.0000160000
78 0.0000163750
79 0.0000167500
80 0.0000172090
81 0.0000176660
82 0.0000181250
83 0.0000185000
84 0.0000189170
85 0.0000194170
86 0.0000197080
87 0.0000201670
88 0.0000207080
89 0.0000210420
90 0.0000215000
91 0.0000220410
92 0.0000225000
93 0.0000229590
94 0.0000235000
95 0.0000238340
96 0.0000244580
97 0.0000248340
98 0.0000255420
99 0.0000260000
100 0.0000265830
101 0.0000268330
102 0.0000326670
103 0.0000280420
104 0.0000286250
105 0.0000291250
106 0.0000297920
107 0.0000301670
108 0.0000307920
109 0.0000313750
110 0.0000317500
111 0.0000325420
112 0.0000329580
113 0.0000336250
114 0.0000341660
115 0.0000346660
116 0.0000352920
117 0.0000359580
118 0.0000365410
119 0.0000371670
120 0.0000377090
121 0.0000382500
122 0.0000390410
123 0.0000395000
124 0.0000402080
125 0.0000407500
126 0.0000447500
127 0.0000421670
128 0.0000427500
129 0.0000436250
130 0.0000441660
131 0.0000449170
132 0.0000455000
133 0.0000462080
134 0.0000468340
135 0.0000475000
136 0.0000482920
137 0.0000489590
138 0.0000496660
139 0.0000502920
140 0.0000511250
141 0.0000517910
142 0.0000524160
143 0.0000532500
144 0.0000540000
145 0.0000545840
146 0.0000553750
147 0.0000561250
148 0.0000567920
149 0.0000575420
150 0.0000584580
151 0.0000591250
152 0.0000598750
153 0.0000608330
154 0.0000614580
155 0.0000621250
156 0.0000630830
157 0.0000637090
158 0.0000645830
159 0.0000654580
160 0.0000660830
161 0.0000702080
162 0.0000662910
163 0.0000671670
164 0.0000732090
165 0.0000732500
166 0.0000758330
167 0.0000785830
168 0.0000765420
169 0.0000765000
170 0.0000826250
171 0.0000759580
172 0.0000766660
173 0.0000773340
174 0.0000783330
175 0.0000789590
176 0.0000802500
177 0.0000791250
178 0.0000798750
179 0.0000807920
180 0.0000817080
181 0.0000824580
182 0.0000831250
183 0.0000903330
184 0.0000981250
185 0.0001042910
186 0.0000869160
187 0.0000878750
188 0.0000888330
189 0.0000898750
190 0.0000905830
191 0.0000914580
192 0.0000924580
193 0.0000933750
194 0.0000944580
195 0.0000954170
196 0.0001020840
197 0.0001175410
198 0.0001146250
199 0.0000997500
200 0.0001005830
201 0.0001014170
202 0.0001022920
203 0.0001031250
204 0.0001044580
205 0.0001084160
206 0.0001063340
207 0.0001072500
208 0.0001082500
209 0.0001092920
210 0.0001104580
211 0.0001113340
212 0.0001123750
213 0.0001135000
214 0.0001145830
215 0.0001155000
216 0.0001166660
217 0.0001176660
218 0.0001189170
219 0.0001199170
220 0.0001207920
221 0.0001221250
222 0.0001239160
223 0.0001207920
224 0.0001288330
225 0.0001280000
226 0.0001242920
227 0.0001252080
228 0.0001261250
229 0.0001272920
230 0.0001284580
231 0.0001343750
232 0.0001307500
233 0.0001320000
234 0.0001330000
235 0.0001338330
236 0.0001352920
237 0.0001396670
238 0.0001374170
239 0.0001386250
240 0.0001398330
241 0.0001409580
242 0.0001420830
243 0.0001489580
244 0.0001475420
245 0.0001452910
246 0.0001467920
247 0.0001476250
248 0.0001572920
249 0.0001685420
250 0.0001596670
251 0.0001610420
252 0.0001622920
253 0.0001635000
254 0.0001647910
255 0.0001660830
256 0.0001797080
257 0.0001684590
258 0.0001699170
259 0.0001882500
260 0.0002005000
261 0.0001926660
262 0.0001885000
263 0.0001875410
264 0.0002156250
265 0.0001921670
266 0.0002344170
267 0.0001985420
268 0.0001740000
269 0.0001746670
270 0.0001762920
271 0.0001805420
272 0.0001789170
273 0.0001800420
274 0.0001815000
275 0.0001827920
276 0.0001841660
277 0.0001853330
278 0.0001868340
279 0.0001878330
280 0.0001894580
281 0.0001906670
282 0.0001955830
283 0.0001933340
284 0.0001947090
285 0.0001959580
286 0.0001975000
287 0.0002108340
288 0.0002036250
289 0.0002135410
290 0.0002030000
291 0.0002078340
292 0.0002181670
293 0.0002071670
294 0.0002087090
295 0.0002100830
296 0.0002118750
297 0.0002128750
298 0.0002175830
299 0.0002155420
300 0.0002174590
301 0.0002216670
302 0.0002198750
303 0.0002212920
304 0.0002227500
305 0.0002239170
306 0.0002259160
307 0.0002270000
308 0.0002287500
309 0.0002316250
310 0.0002317500
311 0.0002329580
312 0.0002348340
313 0.0002395000
314 0.0002377500
315 0.0002386670
316 0.0002409170
317 0.0002423330
318 0.0002435830
319 0.0002450830
320 0.0002467920
321 0.0002481250
322 0.0002531670
323 0.0002512920
324 0.0002527920
325 0.0002573750
326 0.0002897500
327 0.0002581250
328 0.0002591670
329 0.0002602910
330 0.0002622080
331 0.0002635830
332 0.0002655830
333 0.0002670000
334 0.0002686670
335 0.0002698330
336 0.0002907920
337 0.0002731670
338 0.0003331670
339 0.0003032080
340 0.0003211670
341 0.0002920840
342 0.0002815000
343 0.0002825000
344 0.0002845000
345 0.0002860420
346 0.0002913750
347 0.0003012500
348 0.0003392500
349 0.0002984160
350 0.0002947080
351 0.0002995830
352 0.0002980420
353 0.0003234160
354 0.0003331660
355 0.0003429580
356 0.0003049170
357 0.0003064590
358 0.0003082920
359 0.0003130000
360 0.0003116250
361 0.0003133750
362 0.0003153330
363 0.0003165000
364 0.0003187920
365 0.0003200830
366 0.0003251660
367 0.0003235410
368 0.0003253750
369 0.0003270000
370 0.0003291670
371 0.0003339580
372 0.0003325000
373 0.0003340410
374 0.0003360410
375 0.0003375420
376 0.0003430840
377 0.0003414170
378 0.0003478750
379 0.0003447500
380 0.0003874590
381 0.0003961670
382 0.0003507500
383 0.0003553750
384 0.0003541250
385 0.0003589580
386 0.0003580000
387 0.0004089580
388 0.0003650830
389 0.0003631250
390 0.0003685420
391 0.0003667080
392 0.0003690420
393 0.0003737920
394 0.0003725000
395 0.0003743330
396 0.0003763330
397 0.0003811250
398 0.0003833750
399 0.0003817920
400 0.0003839580
401 0.0003855000
402 0.0003877920
403 0.0003927090
404 0.0003962080
405 0.0003932080
406 0.0003956660
407 0.0003969580
408 0.0004028750
409 0.0004010830
410 0.0004033750
411 0.0004082500
412 0.0004069170
413 0.0004121670
414 0.0004110830
415 0.0004127500
416 0.0004150830
417 0.0004167080
418 0.0004225000
419 0.0004206660
420 0.0004312910
421 0.0004244590
422 0.0004438340
423 0.0004318750
424 0.0004675000
425 0.0004330410
426 0.0004386670
427 0.0004401670
428 0.0004438750
429 0.0004410840
430 0.0004430840
431 0.0004485410
432 0.0004473750
433 0.0004491250
434 0.0004516250
435 0.0004569170
436 0.0004587080
437 0.0004573330
438 0.0004597080
439 0.0004614160
440 0.0004672500
441 0.0004658340
442 0.0004712920
443 0.0004696670
444 0.0004755000
445 0.0004740420
446 0.0004767920
447 0.0004816250
448 0.0004842920
449 0.0004856250
450 0.0004900420
451 0.0004870000
452 0.0004930830
453 0.0004910840
454 0.0004934580
455 0.0004955420
456 0.0005012500
457 0.0004999170
458 0.0005027090
459 0.0005038750
460 0.0005100000
461 0.0005118750
462 0.0005108330
463 0.0005130000
464 0.0005187500
465 0.0005172500
466 0.0005199580
467 0.0005217920
468 0.0005275830
469 0.0005307920
470 0.0005291670
471 0.0005340000
472 0.0005331670
473 0.0005386670
474 0.0005379580
475 0.0005432500
476 0.0005422500
477 0.0005445000
478 0.0005502500
479 0.0005519580
480 0.0005516670
481 0.0005532920
482 0.0005597080
483 0.0005580000
484 0.0005605000
485 0.0005625410
486 0.0005687910
487 0.0005718340
488 0.0005730830
489 0.0005717920
490 0.0005900000
491 0.0006691250
492 0.0005943750
493 0.0005811250
494 0.0005840840
495 0.0005889170
496 0.0005917090
497 0.0005937910
498 0.0005935000
499 0.0005981250
500 0.0006015410
501 0.0005998330
502 0.0006062500
503 0.0006078750
504 0.0006126250
505 0.0006098330
506 0.0006155000
507 0.0006143750
508 0.0006173750
509 0.0006222500
510 0.0006220410
511 0.0006240420
512 0.0006307080
513 0.0006289580
514 0.0006548340
515 0.0006342080
516 0.0006598750
517 0.0006810840
518 0.0006453330
519 0.0006467920
520 0.0006549170
521 0.0006488340
522 0.0006550420
523 0.0006541250
524 0.0006602090
525 0.0006755410
526 0.0006655420
527 0.0006663750
528 0.0006669580
529 0.0006687080
530 0.0006750000
531 0.0006736250
532 0.0006767920
533 0.0006820000
534 0.0006817500
535 0.0006889590
536 0.0006905830
537 0.0006920420
538 0.0006927080
539 0.0006970420
540 0.0007016250
541 0.0007020420
542 0.0007120830
543 0.0007071670
544 0.0007262500
545 0.0007275420
546 0.0007278750
547 0.0007345000
548 0.0007338340
549 0.0007525420
550 0.0007374170
551 0.0007342920
552 0.0007559170
553 0.0007303750
554 0.0007508750
555 0.0007472080
556 0.0007493750
557 0.0007523750
558 0.0007485420
559 0.0007639160
560 0.0007749170
561 0.0007512910
562 0.0007789160
563 0.0007747090
564 0.0007840840
565 0.0007748330
566 0.0007686250
567 0.0007744170
568 0.0007746250
569 0.0007878750
570 0.0008040830
571 0.0008020000
572 0.0008089590
573 0.0007870830
574 0.0008055420
575 0.0008130410
576 0.0008152500
577 0.0008236250
578 0.0007976660
579 0.0008167500
580 0.0008068750
581 0.0008197080
582 0.0008219590
583 0.0008150840
584 0.0008180000
585 0.0008347920
586 0.0008242920
587 0.0008531250
588 0.0008263330
589 0.0008312910
590 0.0008361670
591 0.0008504170
592 0.0008376250
593 0.0008447920
594 0.0008490830
595 0.0008534590
596 0.0008766660
597 0.0008542920
598 0.0008654590
599 0.0008610410
600 0.0008833330
601 0.0008921660
602 0.0008883750
603 0.0008863330
604 0.0008937910
605 0.0008736670
606 0.0008767090
607 0.0008822080
608 0.0009054590
609 0.0008846670
610 0.0009053750
611 0.0008906670
612 0.0009210000
613 0.0009133750
614 0.0009033750
615 0.0009059170
616 0.0009242500
617 0.0009075000
618 0.0009322080
619 0.0009174160
620 0.0009315000
621 0.0009315000
622 0.0009299170
623 0.0009253750
624 0.0009460000
625 0.0009443750
626 0.0009387920
627 0.0009567500
628 0.0009546250
629 0.0009461670
630 0.0009511250
631 0.0009707080
632 0.0009605420
633 0.0009593750
634 0.0009628330
635 0.0009734590
636 0.0009799580
637 0.0009940410
638 0.0009822080
639 0.0009773750
640 0.0009778750
641 0.0009996250
642 0.0009926670
643 0.0010023750
644 0.0010063750
645 0.0010165000
646 0.0010096670
647 0.0009980830
648 0.0010146250
649 0.0010222920
650 0.0010234590
651 0.0010146250
652 0.0010240840
653 0.0010189580
654 0.0010263330
655 0.0010387920
656 0.0010431250
657 0.0010447500
658 0.0010512080
659 0.0010531660
660 0.0010577500
661 0.0010641670
662 0.0010488750
663 0.0010610420
664 0.0010670410
665 0.0010701250
666 0.0010760420
667 0.0010756660
668 0.0010702920
669 0.0010844170
670 0.0010756670
671 0.0010777080
672 0.0010907500
673 0.0011058750
674 0.0010972920
675 0.0010886250
676 0.0010935420
677 0.0011095420
678 0.0011105830
679 0.0011174160
680 0.0011054160
681 0.0011087500
682 0.0011210420
683 0.0011240000
684 0.0011344580
685 0.0011388330
686 0.0011390420
687 0.0011494590
688 0.0011487920
689 0.0011490410
690 0.0011359170
691 0.0011564580
692 0.0011597080
693 0.0011592090
694 0.0011520000
695 0.0011514590
696 0.0011745830
697 0.0011689580
698 0.0011861670
699 0.0011720000
700 0.0011901670
701 0.0011769590
702 0.0011820000
703 0.0011779170
704 0.0012012080
705 0.0012035000
706 0.0012083750
707 0.0012082500
708 0.0012560000
709 0.0012091670
710 0.0012118330
711 0.0012233340
712 0.0012153750
713 0.0012106250
714 0.0012317920
715 0.0012307090
716 0.0012256660
717 0.0012278340
718 0.0012320420
719 0.0012353750
720 0.0012436250
721 0.0012568750
722 0.0012551250
723 0.0012595410
724 0.0012679170
725 0.0012688750
726 0.0012744170
727 0.0012771670
728 0.0012699160
729 0.0012686670
730 0.0012710840
731 0.0012830830
732 0.0013062920
733 0.0012837500
734 0.0012904170
735 0.0012857090
736 0.0013101250
737 0.0013133340
738 0.0013109590
739 0.0013161250
740 0.0013077500
741 0.0013251250
742 0.0013187920
743 0.0013179170
744 0.0013341250
745 0.0013340000
746 0.0013303750
747 0.0013497910
748 0.0013361670
749 0.0013420410
750 0.0014185000
751 0.0013522500
752 0.0013684580
753 0.0013518750
754 0.0014082500
755 0.0013565420
756 0.0013805830
757 0.0013634580
758 0.0013880410
759 0.0013891250
760 0.0014061670
761 0.0013782080
762 0.0014099170
763 0.0013895410
764 0.0014051670
765 0.0013961250
766 0.0014158750
767 0.0014135000
768 0.0014080420
769 0.0014107910
770 0.0014294590
771 0.0014310420
772 0.0014226670
773 0.0014460830
774 0.0014382500
775 0.0014444170
776 0.0014421250
777 0.0014609160
778 0.0014562080
779 0.0014620840
780 0.0014680000
781 0.0014554580
782 0.0014598750
783 0.0014619580
784 0.0014676250
785 0.0014692080
786 0.0014875000
787 0.0014917500
788 0.0014975420
789 0.0015056250
790 0.0015045420
791 0.0014923330
792 0.0015115830
793 0.0015219580
794 0.0015237910
795 0.0015079580
796 0.0015266670
797 0.0015297920
798 0.0015269580
799 0.0015299580
800 0.0015430420
801 0.0015425000
802 0.0015502500
803 0.0015482080
804 0.0015419170
805 0.0015662910
806 0.0015756250
807 0.0015567920
808 0.0015685840
809 0.0015737910
810 0.0015857500
811 0.0015675000
812 0.0015778750
813 0.0015953340
814 0.0015921670
815 0.0015974580
816 0.0015878330
817 0.0015912920
818 0.0016061250
819 0.0016069170
820 0.0016233340
821 0.0016140830
822 0.0016246670
823 0.0016187500
824 0.0016326250
825 0.0016312920
826 0.0016287080
827 0.0016297500
828 0.0016347080
829 0.0016411250
830 0.0016423750
831 0.0016495410
832 0.0016768340
833 0.0016504170
834 0.0016745410
835 0.0016751250
836 0.0016631250
837 0.0016777910
838 0.0016760830
839 0.0016987500
840 0.0016968330
841 0.0017004580
842 0.0016917920
843 0.0016993750
844 0.0017493750
845 0.0017537910
846 0.0017597090
847 0.0017706670
848 0.0017822500
849 0.0017844170
850 0.0017892080
851 0.0017909170
852 0.0017832500
853 0.0017925830
854 0.0018054160
855 0.0018175000
856 0.0017992500
857 0.0018117910
858 0.0018050410
859 0.0018197920
860 0.0018290000
861 0.0018165410
862 0.0018639170
863 0.0018252500
864 0.0018258330
865 0.0018287090
866 0.0018477920
867 0.0018412080
868 0.0018608340
869 0.0018715000
870 0.0018543330
871 0.0018736250
872 0.0019023330
873 0.0020891660
874 0.0019831250
875 0.0019375410
876 0.0019857500
877 0.0019955000
878 0.0019385000
879 0.0019389170
880 0.0019453330
881 0.0019466670
882 0.0019545000
883 0.0019625420
884 0.0020232080
885 0.0020419580
886 0.0019695000
887 0.0020113750
888 0.0021108330
889 0.0022102080
890 0.0021865830
891 0.0019414580
892 0.0019534590
893 0.0020402080
894 0.0019963340
895 0.0020001250
896 0.0019698750
897 0.0019719590
898 0.0019880000
899 0.0019792500
900 0.0019921250
901 0.0020422920
902 0.0021327500
903 0.0021866250
904 0.0021542500
905 0.0020810830
906 0.0020148750
907 0.0020321250
908 0.0020282080
909 0.0020235410
910 0.0022367090
911 0.0023014590
912 0.0021505830
913 0.0020379590
914 0.0020499160
915 0.0020499580
916 0.0020593750
917 0.0021620830
918 0.0023393340
919 0.0023269170
920 0.0021515000
921 0.0020766250
922 0.0020907500
923 0.0020865420
924 0.0020950830
925 0.0021805410
926 0.0024006250
927 0.0022975410
928 0.0020987500
929 0.0020545420
930 0.0020735410
931 0.0020645830
932 0.0020662080
933 0.0022487920
934 0.0024288750
935 0.0022809160
936 0.0020864580
937 0.0020892920
938 0.0020952920
939 0.0020988330
940 0.0021893330
941 0.0023747500
942 0.0024303750
943 0.0021607910
944 0.0021223750
945 0.0021300420
946 0.0021311670
947 0.0021346660
948 0.0022328330
949 0.0024551670
950 0.0024132080
951 0.0024592500
952 0.0026803340
953 0.0023137920
954 0.0021742080
955 0.0023564170
956 0.0022477500
957 0.0021956670
958 0.0022175830
959 0.0021885830
960 0.0021946250
961 0.0021980000
962 0.0022548330
963 0.0022038750
964 0.0022100410
965 0.0022122910
966 0.0022874580
967 0.0022807090
968 0.0022307920
969 0.0022307920
970 0.0022929170
971 0.0022487080
972 0.0022493330
973 0.0022523340
974 0.0022652080
975 0.0023271250
976 0.0023396670
977 0.0023534160
978 0.0023415420
979 0.0023440410
980 0.0023553330
981 0.0023530410
982 0.0023915000
983 0.0023632090
984 0.0023710830
985 0.0023734580
986 0.0023850000
987 0.0023822500
988 0.0023907920
989 0.0023890840
990 0.0023954580
991 0.0024607500
992 0.0024540410
993 0.0024105420
994 0.0024179580
995 0.0024175830
996 0.0024396250
997 0.0024310000
998 0.0024889590
999 0.0024447500

hoare:
1 0.0000000410
2 0.0000000410
3 0.0000000840
4 0.0000000830
5 0.0000001250
6 0.0000001670
7 0.0000001660
8 0.0000001660
9 0.0000002090
10 0.0000002080
11 0.0000002090
12 0.0000002920
13 0.0000003330
14 0.0000003330
15 0.0000004160
16 0.0000004170
17 0.0000005420
18 0.0000005420
19 0.0000006250
20 0.0000006670
21 0.0000007090
22 0.0000007920
23 0.0000008330
24 0.0000009160
25 0.0000009590
26 0.0000010000
27 0.0000010420
28 0.0000011670
29 0.0000012080
30 0.0000012910
31 0.0000013750
32 0.0000014170
33 0.0000015000
34 0.0000015830
35 0.0000014590
36 0.0000017500
37 0.0000020420
38 0.0000021250
39 0.0000021660
40 0.0000022920
41 0.0000023750
42 0.0000025000
43 0.0000025840
44 0.0000027080
45 0.0000027920
46 0.0000028750
47 0.0000030000
48 0.0000031250
49 0.0000032090
50 0.0000028750
51 0.0000034580
52 0.0000035420
53 0.0000033750
54 0.0000037920
55 0.0000039170
56 0.0000040420
57 0.0000036660
58 0.0000039170
59 0.0000039590
60 0.0000045830
61 0.0000047080
62 0.0000048330
63 0.0000044170
64 0.0000051250
65 0.0000052920
66 0.0000054160
67 0.0000055830
68 0.0000051670
69 0.0000058330
70 0.0000061660
71 0.0000055840
72 0.0000065000
73 0.0000060410
74 0.0000067500
75 0.0000064590
76 0.0000071250
77 0.0000068750
78 0.0000074170
79 0.0000072500
80 0.0000078330
81 0.0000075410
82 0.0000082080
83 0.0000077080
84 0.0000085420
85 0.0000079590
86 0.0000088750
87 0.0000082080
88 0.0000088330
89 0.0000094170
90 0.0000088750
91 0.0000098330
92 0.0000100410
93 0.0000095420
94 0.0000104170
95 0.0000106250
96 0.0000101670
97 0.0000108340
98 0.0000112500
99 0.0000105000
100 0.0000110840
101 0.0000118750
102 0.0000121250
103 0.0000113330
104 0.0000117920
105 0.0000122500
106 0.0000130420
107 0.0000134160
108 0.0000125420
109 0.0000128750
110 0.0000128750
111 0.0000136250
112 0.0000139580
113 0.0000143750
114 0.0000147090
115 0.0000152500
116 0.0000155410
117 0.0000145410
118 0.0000160000
119 0.0000150000
120 0.0000165420
121 0.0000167500
122 0.0000157080
123 0.0000163750
124 0.0000164580
125 0.0000165830
126 0.0000167080
127 0.0000167920
128 0.0000169170
129 0.0000170410
130 0.0000182500
131 0.0000182500
132 0.0000182920
133 0.0000182920
134 0.0000183330
135 0.0000193750
136 0.0000194170
137 0.0000192080
138 0.0000195000
139 0.0000202500
140 0.0000202920
141 0.0000211670
142 0.0000211250
143 0.0000209580
144 0.0000217920
145 0.0000217500
146 0.0000216670
147 0.0000222910
148 0.0000223330
149 0.0000229580
150 0.0000228340
151 0.0000235000
152 0.0000241250
153 0.0000239590
154 0.0000245000
155 0.0000245000
156 0.0000249580
157 0.0000255830
158 0.0000253330
159 0.0000258750
160 0.0000263750
161 0.0000261670
162 0.0000266670
163 0.0000271250
164 0.0000276250
165 0.0000281250
166 0.0000277500
167 0.0000284590
168 0.0000286670
169 0.0000288750
170 0.0000290830
171 0.0000302910
172 0.0000300840
173 0.0000306670
174 0.0000309580
175 0.0000312910
176 0.0000316660
177 0.0000318340
178 0.0000322080
179 0.0000324590
180 0.0000375000
181 0.0000330410
182 0.0000338330
183 0.0000340000
184 0.0000341670
185 0.0000345000
186 0.0000352500
187 0.0000354160
188 0.0000356250
189 0.0000363340
190 0.0000366250
191 0.0000365840
192 0.0000374580
193 0.0000374580
194 0.0000382080
195 0.0000380410
196 0.0000389170
197 0.0000389590
198 0.0000395410
199 0.0000402080
200 0.0000402090
201 0.0000408330
202 0.0000409170
203 0.0000414170
204 0.0000421660
205 0.0000420000
206 0.0000425840
207 0.0000432500
208 0.0000435000
209 0.0000442910
210 0.0000475420
211 0.0000446670
212 0.0000450420
213 0.0000454160
214 0.0000459590
215 0.0000463330
216 0.0000467090
217 0.0000479580
218 0.0000476660
219 0.0000483340
220 0.0000486670
221 0.0000489170
222 0.0000493750
223 0.0000497080
224 0.0000500420
225 0.0000507920
226 0.0000511250
227 0.0000513750
228 0.0000518750
229 0.0000525000
230 0.0000530410
231 0.0000533750
232 0.0000536670
233 0.0000577090
234 0.0000545830
235 0.0000552500
236 0.0000557920
237 0.0000561250
238 0.0000567080
239 0.0000573750
240 0.0000573750
241 0.0000577500
242 0.0000585410
243 0.0000588330
244 0.0000592500
245 0.0000599170
246 0.0000603750
247 0.0000609170
248 0.0000613750
249 0.0000618750
250 0.0000623330
251 0.0000625420
252 0.0000633750
253 0.0000638330
254 0.0000641660
255 0.0000645840
256 0.0000654590
257 0.0000657500
258 0.0000660000
259 0.0000665830
260 0.0000674170
261 0.0000676670
262 0.0000681250
263 0.0000688330
264 0.0000697080
265 0.0000706250
266 0.0000701670
267 0.0000718330
268 0.0000712920
269 0.0000720830
270 0.0000725830
271 0.0000728340
272 0.0000733750
273 0.0000740000
274 0.0000746250
275 0.0000754170
276 0.0000755000
277 0.0000761670
278 0.0000766660
279 0.0000777920
280 0.0000776670
281 0.0000783750
282 0.0000788330
283 0.0000793750
284 0.0000798340
285 0.0000808330
286 0.0000812500
287 0.0000816250
288 0.0000822090
289 0.0000828750
290 0.0000833340
291 0.0000872090
292 0.0000845410
293 0.0000850000
294 0.0000855840
295 0.0000860830
296 0.0000867920
297 0.0000872500
298 0.0000881250
299 0.0000883340
300 0.0000891670
301 0.0000898750
302 0.0000903750
303 0.0000922920
304 0.0000915830
305 0.0000919170
306 0.0000924160
307 0.0000931250
308 0.0000937910
309 0.0000947090
310 0.0000952090
311 0.0000958340
312 0.0000967080
313 0.0001002080
314 0.0000974170
315 0.0000984170
316 0.0000988750
317 0.0000992500
318 0.0001000420
319 0.0001005830
320 0.0001013330
321 0.0001018330
322 0.0001026670
323 0.0001063340
324 0.0001037920
325 0.0001042500
326 0.0001081250
327 0.0001324160
328 0.0001062090
329 0.0001070410
330 0.0001252500
331 0.0001114170
332 0.0001086250
333 0.0001092500
334 0.0001099170
335 0.0001108750
336 0.0001115000
337 0.0001120420
338 0.0001127080
339 0.0001132500
340 0.0001142500
341 0.0001148750
342 0.0001153330
343 0.0001162080
344 0.0001175830
345 0.0001172090
346 0.0001180840
347 0.0001188750
348 0.0001194170
349 0.0001202080
350 0.0001207500
351 0.0001213750
352 0.0001222080
353 0.0001226670
354 0.0001235000
355 0.0001240000
356 0.0001250420
357 0.0001288750
358 0.0001263330
359 0.0001355000
360 0.0001367080
361 0.0001290420
362 0.0001382500
363 0.0001470420
364 0.0001399590
365 0.0001405420
366 0.0001319590
367 0.0001416250
368 0.0001417920
369 0.0001437500
370 0.0001347080
371 0.0001475830
372 0.0001518330
373 0.0001456660
374 0.0001377920
375 0.0001474160
376 0.0001482920
377 0.0001562080
378 0.0001411670
379 0.0001502920
380 0.0001513340
381 0.0001515830
382 0.0001607500
383 0.0001444580
384 0.0001563340
385 0.0001470000
386 0.0001470840
387 0.0001648750
388 0.0001648750
389 0.0001664170
390 0.0001590000
391 0.0001673330
392 0.0001521660
393 0.0001689170
394 0.0001687500
395 0.0001536250
396 0.0001748330
397 0.0001703330
398 0.0001618330
399 0.0001655000
400 0.0001793330
401 0.0001668330
402 0.0001760000
403 0.0001765840
404 0.0001861250
405 0.0001866250
406 0.0001791250
407 0.0001750000
408 0.0001645830
409 0.0001899160
410 0.0001822920
411 0.0001915000
412 0.0001918340
413 0.0001945420
414 0.0001692500
415 0.0001860420
416 0.0001871660
417 0.0001875830
418 0.0001782500
419 0.0001876250
420 0.0001907500
421 0.0001908750
422 0.0001749170
423 0.0001927920
424 0.0002020000
425 0.0001773750
426 0.0001956250
427 0.0001960840
428 0.0001845000
429 0.0001836660
430 0.0001980410
431 0.0001907500
432 0.0001999580
433 0.0002087920
434 0.0002046250
435 0.0001867920
436 0.0002117080
437 0.0002044170
438 0.0002012910
439 0.0001932090
440 0.0001900830
441 0.0002026250
442 0.0002071670
443 0.0002121670
444 0.0002216670
445 0.0001986250
446 0.0002043750
447 0.0002049170
448 0.0002007090
449 0.0002022920
450 0.0001990000
451 0.0002216670
452 0.0002012080
453 0.0002011250
454 0.0002227080
455 0.0002035000
456 0.0002050000
457 0.0002170410
458 0.0002202080
459 0.0002234170
460 0.0002074170
461 0.0002088750
462 0.0002092920
463 0.0002102080
464 0.0002355410
465 0.0002292920
466 0.0002162080
467 0.0002283750
468 0.0002397920
469 0.0002407920
470 0.0002258330
471 0.0002345410
472 0.0002434590
473 0.0002200420
474 0.0002374580
475 0.0002295420
476 0.0002316660
477 0.0002226250
478 0.0002324580
479 0.0002337500
480 0.0002259170
481 0.0002434590
482 0.0002447500
483 0.0002484580
484 0.0002453750
485 0.0002478340
486 0.0002487090
487 0.0002330420
488 0.0002533750
489 0.0002342080
490 0.0002526670
491 0.0002566660
492 0.0002524590
493 0.0002541670
494 0.0002529170
495 0.0002398340
496 0.0002580000
497 0.0002514170
498 0.0002605830
499 0.0002717500
500 0.0002494580
501 0.0002637920
502 0.0002543750
503 0.0002567500
504 0.0002496670
505 0.0002582080
506 0.0002709590
507 0.0002530420
508 0.0002700830
509 0.0002737080
510 0.0002690000
511 0.0002563750
512 0.0002733330
513 0.0002583330
514 0.0002787080
515 0.0002602910
516 0.0002775420
517 0.0002621670
518 0.0002764590
519 0.0002646250
520 0.0002814160
521 0.0002662090
522 0.0002793340
523 0.0002681250
524 0.0002773750
525 0.0002695000
526 0.0002795420
527 0.0002734590
528 0.0002927080
529 0.0002738750
530 0.0003004170
531 0.0002806660
532 0.0002842500
533 0.0002785840
534 0.0002878750
535 0.0002836250
536 0.0002963330
537 0.0002826670
538 0.0002914590
539 0.0002969160
540 0.0002862080
541 0.0002862080
542 0.0003167500
543 0.0002928330
544 0.0003142080
545 0.0003076250
546 0.0002950420
547 0.0002957090
548 0.0002965830
549 0.0003097080
550 0.0003116670
551 0.0003140830
552 0.0003070420
553 0.0003155410
554 0.0003092080
555 0.0003015000
556 0.0003182910
557 0.0003202920
558 0.0003130420
559 0.0003143330
560 0.0003099580
561 0.0003142920
562 0.0003091250
563 0.0003347080
564 0.0003167500
565 0.0003282920
566 0.0003221250
567 0.0003340830
568 0.0003194580
569 0.0003173330
570 0.0003317920
571 0.0003226250
572 0.0003441670
573 0.0003329170
574 0.0003272500
575 0.0003398750
576 0.0003522500
577 0.0003257920
578 0.0003462500
579 0.0003474170
580 0.0003317080
581 0.0003532080
582 0.0003314160
583 0.0003486670
584 0.0003527500
585 0.0003375000
586 0.0003447910
587 0.0003534580
588 0.0003459170
589 0.0003556670
590 0.0003494170
591 0.0003410000
592 0.0003592500
593 0.0003484580
594 0.0003442500
595 0.0003541250
596 0.0003666250
597 0.0003636670
598 0.0003657910
599 0.0003581670
600 0.0003760000
601 0.0003724170
602 0.0003571660
603 0.0003642910
604 0.0003815420
605 0.0003605410
606 0.0003616250
607 0.0003594590
608 0.0003603750
609 0.0003734590
610 0.0003635830
611 0.0003675000
612 0.0003684170
613 0.0003664590
614 0.0003676670
615 0.0003687920
616 0.0003699590
617 0.0003745000
618 0.0003723330
619 0.0003738750
620 0.0003746670
621 0.0003806250
622 0.0003803750
623 0.0003792090
624 0.0004043340
625 0.0004066660
626 0.0003869580
627 0.0004042500
628 0.0004003750
629 0.0003860420
630 0.0004046250
631 0.0004045420
632 0.0004177920
633 0.0004160420
634 0.0004275000
635 0.0004175420
636 0.0004500830
637 0.0004395420
638 0.0004385000
639 0.0004376250
640 0.0004450420
641 0.0004348750
642 0.0004416250
643 0.0004414590
644 0.0004431250
645 0.0004466250
646 0.0004459580
647 0.0004472500
648 0.0004417920
649 0.0004337500
650 0.0004407080
651 0.0004373330
652 0.0004410410
653 0.0004400840
654 0.0004413340
655 0.0004457920
656 0.0004446250
657 0.0004452500
658 0.0004467920
659 0.0004480000
660 0.0004490000
661 0.0004543750
662 0.0004520000
663 0.0004563750
664 0.0004540000
665 0.0004557080
666 0.0004557500
667 0.0004606670
668 0.0004870000
669 0.0004627080
670 0.0004632080
671 0.0004642090
672 0.0004654170
673 0.0004672920
674 0.0004684170
675 0.0004700000
676 0.0004741250
677 0.0004723750
678 0.0004741670
679 0.0004767920
680 0.0004905420
681 0.0004955000
682 0.0004876250
683 0.0004954160
684 0.0004935840
685 0.0004933340
686 0.0004939170
687 0.0005217500
688 0.0005102500
689 0.0004643330
690 0.0004637500
691 0.0004685000
692 0.0004795410
693 0.0004792910
694 0.0004805000
695 0.0004749160
696 0.0004801250
697 0.0004766250
698 0.0004749160
699 0.0005004160
700 0.0004859170
701 0.0004819580
702 0.0004900410
703 0.0004850830
704 0.0004937080
705 0.0004948750
706 0.0005048750
707 0.0004869580
708 0.0005007500
709 0.0004925830
710 0.0004911250
711 0.0005101250
712 0.0005129590
713 0.0005104590
714 0.0005131670
715 0.0005056250
716 0.0005022500
717 0.0005155840
718 0.0005178330
719 0.0005044580
720 0.0005058750
721 0.0005345830
722 0.0005228750
723 0.0005325420
724 0.0005196660
725 0.0005147500
726 0.0005171250
727 0.0005197080
728 0.0005190420
729 0.0005245000
730 0.0005339170
731 0.0005566250
732 0.0005218340
733 0.0005508330
734 0.0005325000
735 0.0005423750
736 0.0005422920
737 0.0005435830
738 0.0005496250
739 0.0005494580
740 0.0005477500
741 0.0005587910
742 0.0005562080
743 0.0005518330
744 0.0005471250
745 0.0005651250
746 0.0005467500
747 0.0005586250
748 0.0005541250
749 0.0005644580
750 0.0005514160
751 0.0005766670
752 0.0005669170
753 0.0005802910
754 0.0005683750
755 0.0005746670
756 0.0005639590
757 0.0005807500
758 0.0005590420
759 0.0005797080
760 0.0005861250
761 0.0005637910
762 0.0005811670
763 0.0005876670
764 0.0005871250
765 0.0005847090
766 0.0006029160
767 0.0005756250
768 0.0005742080
769 0.0005763750
770 0.0005803330
771 0.0006016250
772 0.0005966670
773 0.0006084590
774 0.0005892920
775 0.0005997910
776 0.0006060000
777 0.0006112500
778 0.0005916670
779 0.0005902910
780 0.0006061660
781 0.0006090840
782 0.0005978750
783 0.0006005830
784 0.0005977500
785 0.0006189170
786 0.0006159170
787 0.0006301660
788 0.0006190420
789 0.0006253330
790 0.0006220420
791 0.0006130410
792 0.0006250000
793 0.0006150000
794 0.0006292920
795 0.0006146670
796 0.0006376250
797 0.0006230000
798 0.0006355410
799 0.0006472080
800 0.0006222080
801 0.0006402920
802 0.0006523330
803 0.0006497080
804 0.0006478330
805 0.0006499170
806 0.0006505830
807 0.0006517920
808 0.0006536660
809 0.0006520830
810 0.0006379170
811 0.0006442920
812 0.0006608330
813 0.0006538750
814 0.0006639170
815 0.0006533750
816 0.0006477920
817 0.0006691250
818 0.0006850420
819 0.0006523750
820 0.0006732080
821 0.0006558750
822 0.0006726250
823 0.0006791660
824 0.0006601250
825 0.0006629580
826 0.0006824160
827 0.0007219580
828 0.0006670420
829 0.0006742080
830 0.0006844580
831 0.0006748750
832 0.0006726250
833 0.0006907500
834 0.0007262500
835 0.0006930000
836 0.0007141670
837 0.0006840410
838 0.0006829590
839 0.0007336670
840 0.0006927910
841 0.0006965420
842 0.0006889160
843 0.0007027920
844 0.0007070830
845 0.0007207920
846 0.0006954170
847 0.0007003330
848 0.0007174580
849 0.0007005000
850 0.0007105410
851 0.0007343750
852 0.0007085000
853 0.0007220830
854 0.0007354160
855 0.0007303750
856 0.0007277500
857 0.0007262920
858 0.0007348330
859 0.0007200410
860 0.0007259580
861 0.0007919170
862 0.0007378340
863 0.0007266250
864 0.0007297920
865 0.0007300830
866 0.0007436250
867 0.0007706670
868 0.0008121670
869 0.0008817080
870 0.0009798330
871 0.0008669590
872 0.0008748340
873 0.0008096250
874 0.0008238330
875 0.0008134170
876 0.0008445410
877 0.0008327080
878 0.0008952920
879 0.0008301660
880 0.0008310420
881 0.0008344170
882 0.0008272500
883 0.0009408340
884 0.0008302500
885 0.0008351250
886 0.0008580000
887 0.0008060000
888 0.0008105830
889 0.0008220000
890 0.0008143340
891 0.0008162090
892 0.0008497910
893 0.0008434580
894 0.0008184170
895 0.0008205000
896 0.0008466250
897 0.0008379580
898 0.0008296670
899 0.0008276250
900 0.0008324580
901 0.0008418330
902 0.0008472910
903 0.0008530000
904 0.0008763750
905 0.0008724160
906 0.0008729170
907 0.0008804580
908 0.0008808750
909 0.0008962500
910 0.0008646670
911 0.0008702080
912 0.0008727500
913 0.0008127920
914 0.0008647920
915 0.0008658750
916 0.0008703750
917 0.0008608330
918 0.0009234170
919 0.0009187500
920 0.0009406670
921 0.0009845830
922 0.0009474580
923 0.0008660000
924 0.0008324170
925 0.0008497080
926 0.0008433330
927 0.0008463330
928 0.0008405000
929 0.0008460830
930 0.0008585000
931 0.0008454580
932 0.0008477090
933 0.0008455420
934 0.0009137920
935 0.0009485830
936 0.0008510420
937 0.0008523340
938 0.0008544580
939 0.0008567500
940 0.0008576250
941 0.0009653330
942 0.0008661250
943 0.0008670000
944 0.0009182080
945 0.0008702500
946 0.0008763750
947 0.0008852910
948 0.0008903340
949 0.0008774580
950 0.0008794160
951 0.0008781250
952 0.0008952090
953 0.0010060840
954 0.0008954170
955 0.0009169170
956 0.0009287500
957 0.0008892920
958 0.0008908330
959 0.0008930000
960 0.0008955000
961 0.0009172920
962 0.0008998340
963 0.0009001250
964 0.0009242090
965 0.0009173330
966 0.0009064170
967 0.0009075830
968 0.0009093340
969 0.0009113750
970 0.0009134580
971 0.0009341250
972 0.0010068330
973 0.0009189580
974 0.0009225830
975 0.0009225830
976 0.0009245420
977 0.0009267910
978 0.0009285000
979 0.0009301250
980 0.0009329580
981 0.0009343750
982 0.0009355830
983 0.0009391660
984 0.0009393750
985 0.0009424580
986 0.0009431670
987 0.0009450410
988 0.0009473750
989 0.0009636250
990 0.0010190410
991 0.0009530410
992 0.0009550420
993 0.0009571250
994 0.0009654160
995 0.0009614580
996 0.0009622080
997 0.0009645420
998 0.0009663340
999 0.0009686670

median:
1 0.0000000830
2 0.0000003340
3 0.0000001250
4 0.0000000830
5 0.0000001670
6 0.0000001660
7 0.0000002080
8 0.0000002080
9 0.0000002500
10 0.0000002500
11 0.0000002500
12 0.0000002910
13 0.0000002920
14 0.0000002920
15 0.0000003330
16 0.0000002910
17 0.0000003750
18 0.0000003750
19 0.0000004170
20 0.0000004170
21 0.0000004580
22 0.0000004580
23 0.0000005000
24 0.0000004590
25 0.0000005000
26 0.0000005410
27 0.0000005830
28 0.0000005000
29 0.0000006250
30 0.0000006670
31 0.0000006670
32 0.0000006670
33 0.0000006660
34 0.0000007080
35 0.0000007500
36 0.0000007090
37 0.0000007910
38 0.0000007920
39 0.0000008330
40 0.0000008340
41 0.0000009170
42 0.0000009580
43 0.0000009590
44 0.0000009170
45 0.0000009580
46 0.0000010420
47 0.0000010410
48 0.0000009590
49 0.0000010000
50 0.0000010830
51 0.0000010830
52 0.0000011250
53 0.0000011660
54 0.0000011660
55 0.0000011250
56 0.0000011250
57 0.0000012090
58 0.0000012500
59 0.0000012920
60 0.0000012920
61 0.0000013340
62 0.0000013750
63 0.0000014170
64 0.0000013750
65 0.0000013750
66 0.0000014170
67 0.0000014160
68 0.0000014170
69 0.0000014590
70 0.0000015000
71 0.0000015000
72 0.0000014580
73 0.0000015840
74 0.0000015840
75 0.0000016670
76 0.0000016670
77 0.0000016660
78 0.0000017080
79 0.0000017500
80 0.0000017090
81 0.0000018750
82 0.0000019170
83 0.0000019170
84 0.0000019170
85 0.0000019170
86 0.0000018750
87 0.0000019580
88 0.0000019170
89 0.0000020830
90 0.0000020830
91 0.0000020420
92 0.0000021250
93 0.0000021250
94 0.0000021660
95 0.0000020830
96 0.0000020420
97 0.0000021250
98 0.0000022090
99 0.0000022090
100 0.0000022500
101 0.0000022910
102 0.0000022920
103 0.0000022910
104 0.0000023330
105 0.0000022920
106 0.0000024160
107 0.0000024590
108 0.0000024590
109 0.0000025000
110 0.0000024160
111 0.0000024170
112 0.0000024160
113 0.0000025000
114 0.0000026250
115 0.0000026660
116 0.0000028330
117 0.0000028330
118 0.0000027090
119 0.0000027080
120 0.0000027090
121 0.0000028330
122 0.0000028340
123 0.0000029160
124 0.0000028750
125 0.0000029170
126 0.0000029170
127 0.0000029580
128 0.0000028750
129 0.0000029580
130 0.0000030000
131 0.0000030000
132 0.0000029590
133 0.0000030000
134 0.0000030000
135 0.0000030420
136 0.0000029580
137 0.0000030000
138 0.0000031250
139 0.0000031670
140 0.0000031670
141 0.0000032500
142 0.0000031660
143 0.0000031670
144 0.0000031250
145 0.0000032500
146 0.0000033750
147 0.0000033750
148 0.0000033750
149 0.0000034580
150 0.0000035420
151 0.0000035000
152 0.0000034590
153 0.0000035420
154 0.0000037080
155 0.0000036250
156 0.0000035830
157 0.0000037500
158 0.0000037500
159 0.0000037080
160 0.0000037080
161 0.0000037500
162 0.0000038750
163 0.0000038750
164 0.0000039160
165 0.0000040830
166 0.0000040420
167 0.0000040830
168 0.0000040410
169 0.0000040000
170 0.0000040000
171 0.0000040830
172 0.0000040830
173 0.0000041670
174 0.0000041670
175 0.0000040830
176 0.0000040830
177 0.0000042090
178 0.0000044160
179 0.0000042500
180 0.0000042920
181 0.0000044170
182 0.0000045000
183 0.0000045000
184 0.0000043750
185 0.0000044580
186 0.0000045410
187 0.0000044580
188 0.0000045000
189 0.0000045000
190 0.0000044590
191 0.0000044170
192 0.0000044160
193 0.0000045000
194 0.0000045420
195 0.0000045420
196 0.0000045830
197 0.0000046250
198 0.0000046670
199 0.0000047500
200 0.0000047920
201 0.0000047920
202 0.0000048750
203 0.0000048750
204 0.0000049580
205 0.0000048750
206 0.0000048340
207 0.0000048750
208 0.0000048750
209 0.0000049590
210 0.0000050410
211 0.0000050000
212 0.0000049580
213 0.0000051250
214 0.0000051250
215 0.0000051250
216 0.0000050840
217 0.0000052090
218 0.0000052500
219 0.0000052080
220 0.0000052500
221 0.0000052500
222 0.0000052500
223 0.0000052500
224 0.0000052500
225 0.0000054170
226 0.0000055410
227 0.0000054580
228 0.0000055000
229 0.0000055420
230 0.0000056250
231 0.0000056250
232 0.0000057090
233 0.0000056660
234 0.0000057500
235 0.0000057090
236 0.0000057080
237 0.0000057500
238 0.0000057500
239 0.0000057920
240 0.0000057500
241 0.0000058750
242 0.0000060000
243 0.0000059590
244 0.0000059580
245 0.0000060420
246 0.0000060830
247 0.0000060840
248 0.0000060830
249 0.0000061670
250 0.0000062500
251 0.0000061660
252 0.0000062080
253 0.0000062920
254 0.0000061660
255 0.0000061250
256 0.0000060000
257 0.0000061670
258 0.0000062920
259 0.0000061670
260 0.0000061250
261 0.0000062500
262 0.0000062500
263 0.0000062500
264 0.0000063340
265 0.0000064170
266 0.0000065000
267 0.0000064580
268 0.0000063750
269 0.0000064170
270 0.0000064590
271 0.0000063750
272 0.0000063750
273 0.0000065000
274 0.0000065830
275 0.0000065830
276 0.0000065840
277 0.0000065830
278 0.0000067080
279 0.0000066670
280 0.0000066660
281 0.0000067920
282 0.0000067090
283 0.0000067910
284 0.0000067920
285 0.0000068340
286 0.0000068750
287 0.0000067500
288 0.0000067920
289 0.0000070000
290 0.0000071250
291 0.0000070840
292 0.0000070830
293 0.0000070830
294 0.0000071250
295 0.0000071250
296 0.0000072920
297 0.0000074160
298 0.0000075000
299 0.0000074580
300 0.0000074170
301 0.0000075000
302 0.0000074580
303 0.0000074170
304 0.0000074580
305 0.0000075840
306 0.0000075830
307 0.0000076250
308 0.0000077090
309 0.0000076670
310 0.0000076660
311 0.0000076670
312 0.0000076250
313 0.0000076660
314 0.0000077080
315 0.0000077080
316 0.0000076670
317 0.0000077500
318 0.0000076250
319 0.0000077090
320 0.0000076670
321 0.0000077500
322 0.0000080000
323 0.0000079160
324 0.0000077920
325 0.0000079580
326 0.0000080000
327 0.0000080830
328 0.0000081250
329 0.0000082920
330 0.0000083330
331 0.0000082920
332 0.0000082500
333 0.0000082910
334 0.0000081660
335 0.0000082920
336 0.0000082920
337 0.0000083750
338 0.0000084170
339 0.0000084580
340 0.0000085000
341 0.0000085000
342 0.0000086670
343 0.0000087080
344 0.0000087500
345 0.0000088330
346 0.0000089160
347 0.0000088330
348 0.0000087500
349 0.0000087920
350 0.0000087500
351 0.0000087920
352 0.0000087910
353 0.0000090830
354 0.0000091670
355 0.0000090830
356 0.0000091660
357 0.0000092080
358 0.0000094580
359 0.0000094170
360 0.0000094160
361 0.0000094580
362 0.0000096250
363 0.0000095830
364 0.0000093330
365 0.0000095000
366 0.0000094160
367 0.0000094580
368 0.0000093750
369 0.0000094170
370 0.0000096250
371 0.0000097500
372 0.0000095830
373 0.0000096660
374 0.0000096250
375 0.0000097500
376 0.0000095830
377 0.0000098750
378 0.0000098750
379 0.0000095830
380 0.0000097500
381 0.0000097080
382 0.0000096250
383 0.0000095830
384 0.0000097080
385 0.0000098340
386 0.0000099170
387 0.0000098330
388 0.0000099160
389 0.0000099580
390 0.0000099590
391 0.0000100000
392 0.0000101670
393 0.0000100840
394 0.0000101670
395 0.0000102500
396 0.0000101250
397 0.0000102920
398 0.0000102500
399 0.0000102910
400 0.0000102920
401 0.0000104170
402 0.0000104170
403 0.0000104590
404 0.0000104170
405 0.0000105410
406 0.0000104170
407 0.0000105420
408 0.0000106250
409 0.0000106670
410 0.0000105840
411 0.0000106250
412 0.0000106670
413 0.0000106250
414 0.0000106250
415 0.0000107500
416 0.0000107500
417 0.0000107920
418 0.0000108750
419 0.0000109580
420 0.0000109170
421 0.0000109170
422 0.0000109580
423 0.0000111250
424 0.0000111670
425 0.0000111670
426 0.0000112500
427 0.0000111250
428 0.0000111670
429 0.0000112500
430 0.0000112500
431 0.0000112080
432 0.0000112080
433 0.0000112500
434 0.0000113330
435 0.0000112500
436 0.0000112920
437 0.0000113750
438 0.0000114170
439 0.0000114580
440 0.0000115000
441 0.0000114590
442 0.0000114580
443 0.0000114580
444 0.0000114170
445 0.0000115410
446 0.0000114160
447 0.0000116250
448 0.0000115000
449 0.0000117080
450 0.0000118330
451 0.0000117920
452 0.0000118330
453 0.0000118750
454 0.0000118750
455 0.0000119580
456 0.0000120420
457 0.0000121250
458 0.0000120830
459 0.0000122080
460 0.0000122500
461 0.0000121250
462 0.0000121660
463 0.0000122080
464 0.0000123340
465 0.0000123330
466 0.0000122910
467 0.0000122920
468 0.0000123750
469 0.0000123750
470 0.0000125000
471 0.0000125000
472 0.0000125000
473 0.0000125420
474 0.0000125830
475 0.0000125420
476 0.0000126670
477 0.0000125000
478 0.0000125840
479 0.0000126660
480 0.0000125830
481 0.0000126670
482 0.0000127080
483 0.0000126660
484 0.0000127500
485 0.0000127080
486 0.0000127080
487 0.0000128750
488 0.0000129170
489 0.0000129580
490 0.0000130000
491 0.0000129580
492 0.0000130410
493 0.0000130420
494 0.0000130000
495 0.0000130000
496 0.0000130000
497 0.0000131660
498 0.0000131670
499 0.0000130830
500 0.0000130840
501 0.0000130840
502 0.0000131670
503 0.0000131670
504 0.0000132090
505 0.0000131660
506 0.0000131250
507 0.0000131660
508 0.0000132090
509 0.0000132500
510 0.0000131250
511 0.0000132500
512 0.0000131250
513 0.0000132920
514 0.0000133750
515 0.0000132920
516 0.0000132920
517 0.0000133330
518 0.0000132920
519 0.0000134160
520 0.0000134170
521 0.0000135830
522 0.0000135420
523 0.0000136660
524 0.0000135840
525 0.0000136670
526 0.0000137080
527 0.0000137090
528 0.0000135840
529 0.0000139170
530 0.0000139580
531 0.0000138330
532 0.0000138340
533 0.0000138750
534 0.0000140000
535 0.0000139160
536 0.0000139580
537 0.0000140410
538 0.0000138750
539 0.0000139580
540 0.0000140000
541 0.0000139590
542 0.0000140420
543 0.0000138750
544 0.0000140000
545 0.0000141250
546 0.0000142500
547 0.0000141250
548 0.0000142090
549 0.0000140830
550 0.0000143330
551 0.0000143750
552 0.0000143750
553 0.0000144160
554 0.0000145420
555 0.0000143750
556 0.0000145420
557 0.0000146250
558 0.0000145830
559 0.0000145830
560 0.0000146670
561 0.0000147080
562 0.0000147090
563 0.0000147090
564 0.0000146670
565 0.0000147920
566 0.0000146250
567 0.0000148330
568 0.0000149160
569 0.0000148340
570 0.0000149170
571 0.0000147920
572 0.0000148330
573 0.0000149580
574 0.0000150420
575 0.0000147920
576 0.0000148330
577 0.0000150830
578 0.0000152080
579 0.0000151670
580 0.0000150830
581 0.0000151670
582 0.0000151660
583 0.0000152920
584 0.0000153340
585 0.0000153750
586 0.0000155420
587 0.0000155000
588 0.0000154590
589 0.0000157080
590 0.0000157080
591 0.0000157500
592 0.0000157500
593 0.0000161250
594 0.0000160000
595 0.0000160000
596 0.0000159580
597 0.0000160410
598 0.0000161250
599 0.0000162080
600 0.0000162920
601 0.0000161250
602 0.0000160830
603 0.0000160000
604 0.0000161660
605 0.0000165830
606 0.0000162910
607 0.0000161670
608 0.0000162080
609 0.0000163330
610 0.0000162920
611 0.0000163750
612 0.0000165410
613 0.0000163750
614 0.0000165420
615 0.0000167080
616 0.0000165420
617 0.0000166670
618 0.0000167090
619 0.0000167090
620 0.0000167090
621 0.0000167920
622 0.0000167500
623 0.0000167500
624 0.0000168330
625 0.0000167920
626 0.0000167500
627 0.0000180000
628 0.0000167080
629 0.0000167920
630 0.0000168330
631 0.0000167500
632 0.0000167500
633 0.0000167500
634 0.0000167500
635 0.0000167090
636 0.0000167920
637 0.0000168330
638 0.0000168750
639 0.0000167500
640 0.0000166250
641 0.0000170420
642 0.0000171660
643 0.0000169170
644 0.0000175830
645 0.0000217500
646 0.0000180000
647 0.0000171670
648 0.0000170000
649 0.0000174170
650 0.0000172920
651 0.0000173750
652 0.0000174170
653 0.0000175000
654 0.0000175000
655 0.0000179580
656 0.0000226250
657 0.0000187920
658 0.0000245410
659 0.0000257920
660 0.0000251670
661 0.0000201670
662 0.0000188340
663 0.0000230420
664 0.0000204590
665 0.0000200420
666 0.0000257500
667 0.0000213330
668 0.0000247910
669 0.0000214580
670 0.0000256250
671 0.0000205420
672 0.0000179170
673 0.0000180000
674 0.0000180410
675 0.0000181250
676 0.0000181250
677 0.0000219170
678 0.0000204580
679 0.0000186660
680 0.0000184170
681 0.0000184580
682 0.0000186250
683 0.0000186250
684 0.0000187080
685 0.0000188330
686 0.0000189590
687 0.0000189160
688 0.0000190830
689 0.0000192080
690 0.0000189170
691 0.0000189580
692 0.0000189170
693 0.0000190000
694 0.0000188340
695 0.0000190420
696 0.0000190000
697 0.0000191250
698 0.0000190000
699 0.0000190830
700 0.0000191250
701 0.0000191250
702 0.0000190410
703 0.0000192090
704 0.0000190420
705 0.0000195420
706 0.0000193340
707 0.0000195000
708 0.0000194580
709 0.0000198330
710 0.0000196670
711 0.0000197080
712 0.0000200420
713 0.0000201250
714 0.0000202920
715 0.0000198340
716 0.0000197080
717 0.0000199170
718 0.0000200420
719 0.0000200830
720 0.0000201250
721 0.0000202500
722 0.0000201250
723 0.0000199170
724 0.0000200000
725 0.0000199160
726 0.0000201250
727 0.0000200830
728 0.0000201670
729 0.0000201250
730 0.0000201250
731 0.0000200000
732 0.0000200420
733 0.0000200410
734 0.0000200830
735 0.0000202080
736 0.0000200840
737 0.0000202090
738 0.0000203330
739 0.0000202910
740 0.0000205000
741 0.0000203750
742 0.0000204170
743 0.0000206250
744 0.0000205000
745 0.0000205830
746 0.0000205420
747 0.0000205830
748 0.0000207090
749 0.0000207090
750 0.0000207920
751 0.0000208340
752 0.0000210000
753 0.0000209580
754 0.0000207090
755 0.0000207500
756 0.0000207500
757 0.0000206250
758 0.0000207080
759 0.0000205830
760 0.0000207910
761 0.0000207920
762 0.0000206250
763 0.0000206670
764 0.0000207080
765 0.0000207080
766 0.0000207500
767 0.0000207500
768 0.0000206670
769 0.0000210830
770 0.0000210840
771 0.0000210000
772 0.0000210840
773 0.0000210000
774 0.0000210000
775 0.0000210840
776 0.0000211660
777 0.0000211250
778 0.0000213340
779 0.0000212090
780 0.0000213340
781 0.0000213750
782 0.0000212910
783 0.0000215420
784 0.0000215420
785 0.0000216670
786 0.0000216670
787 0.0000217080
788 0.0000218340
789 0.0000217500
790 0.0000217500
791 0.0000218750
792 0.0000216670
793 0.0000219170
794 0.0000218750
795 0.0000217500
796 0.0000219170
797 0.0000220000
798 0.0000221250
799 0.0000218750
800 0.0000220000
801 0.0000222080
802 0.0000220830
803 0.0000221250
804 0.0000220840
805 0.0000222090
806 0.0000221250
807 0.0000222910
808 0.0000223750
809 0.0000224170
810 0.0000222500
811 0.0000224160
812 0.0000224170
813 0.0000224170
814 0.0000224170
815 0.0000227080
816 0.0000227500
817 0.0000229170
818 0.0000225000
819 0.0000226250
820 0.0000226670
821 0.0000228340
822 0.0000226250
823 0.0000228340
824 0.0000227920
825 0.0000227090
826 0.0000226670
827 0.0000227080
828 0.0000228340
829 0.0000228750
830 0.0000228330
831 0.0000228750
832 0.0000229170
833 0.0000230420
834 0.0000230420
835 0.0000232080
836 0.0000230830
837 0.0000232910
838 0.0000232080
839 0.0000233330
840 0.0000233750
841 0.0000233330
842 0.0000235000
843 0.0000235830
844 0.0000235410
845 0.0000235840
846 0.0000234170
847 0.0000236250
848 0.0000237080
849 0.0000238750
850 0.0000239160
851 0.0000238750
852 0.0000237920
853 0.0000238330
854 0.0000238750
855 0.0000239590
856 0.0000240000
857 0.0000240000
858 0.0000238750
859 0.0000239160
860 0.0000244590
861 0.0000241250
862 0.0000240840
863 0.0000240420
864 0.0000240410
865 0.0000240420
866 0.0000241250
867 0.0000242920
868 0.0000242910
869 0.0000244160
870 0.0000242080
871 0.0000243750
872 0.0000242920
873 0.0000241670
874 0.0000243750
875 0.0000245000
876 0.0000245840
877 0.0000247500
878 0.0000245830
879 0.0000245830
880 0.0000247090
881 0.0000245830
882 0.0000245830
883 0.0000247080
884 0.0000247920
885 0.0000245830
886 0.0000246250
887 0.0000246670
888 0.0000245000
889 0.0000247920
890 0.0000247080
891 0.0000247500
892 0.0000247500
893 0.0000245000
894 0.0000245000
895 0.0000246250
896 0.0000246670
897 0.0000250840
898 0.0000251660
899 0.0000249580
900 0.0000250830
901 0.0000250840
902 0.0000251250
903 0.0000251250
904 0.0000252500
905 0.0000252080
906 0.0000253330
907 0.0000255840
908 0.0000254580
909 0.0000255420
910 0.0000255420
911 0.0000256250
912 0.0000256250
913 0.0000257090
914 0.0000257090
915 0.0000257500
916 0.0000255000
917 0.0000256250
918 0.0000256670
919 0.0000258750
920 0.0000260420
921 0.0000260410
922 0.0000259170
923 0.0000261250
924 0.0000261660
925 0.0000262090
926 0.0000262080
927 0.0000262500
928 0.0000265000
929 0.0000263330
930 0.0000265000
931 0.0000264170
932 0.0000264170
933 0.0000263750
934 0.0000262920
935 0.0000264170
936 0.0000264580
937 0.0000264170
938 0.0000265420
939 0.0000265840
940 0.0000266250
941 0.0000267080
942 0.0000267910
943 0.0000268750
944 0.0000268750
945 0.0000269170
946 0.0000269170
947 0.0000268750
948 0.0000268750
949 0.0000268750
950 0.0000268750
951 0.0000269160
952 0.0000269170
953 0.0000269590
954 0.0000270420
955 0.0000270840
956 0.0000270840
957 0.0000270000
958 0.0000268750
959 0.0000270830
960 0.0000270830
961 0.0000273750
962 0.0000273330
963 0.0000272090
964 0.0000273750
965 0.0000273750
966 0.0000274580
967 0.0000275000
968 0.0000275830
969 0.0000275000
970 0.0000273330
971 0.0000274580
972 0.0000275420
973 0.0000276250
974 0.0000277500
975 0.0000277500
976 0.0000277910
977 0.0000278340
978 0.0000278750
979 0.0000279170
980 0.0000276670
981 0.0000279160
982 0.0000278340
983 0.0000279170
984 0.0000279580
985 0.0000280000
986 0.0000280840
987 0.0000280000
988 0.0000333750
989 0.0000350830
990 0.0000342090
991 0.0000294160
992 0.0000295000
993 0.0000297080
994 0.0000297500
995 0.0000297500
996 0.0000295410
997 0.0000295420
998 0.0000296250
999 0.0000297080
