lomuto:
1 0.0000000000
2 0.0000003340
3 0.0000000840
4 0.0000002500
5 0.0000002090
6 0.0000002080
7 0.0000002500
8 0.0000003750
9 0.0000002920
10 0.0000004160
11 0.0000005410
12 0.0000004580
13 0.0000006250
14 0.0000005000
15 0.0000005420
16 0.0000005420
17 0.0000005420
18 0.0000006250
19 0.0000006660
20 0.0000007910
21 0.0000008330
22 0.0000008330
23 0.0000008330
24 0.0000009170
25 0.0000009580
26 0.0000009580
27 0.0000010830
28 0.0000010000
29 0.0000010830
30 0.0000011660
31 0.0000012500
32 0.0000012910
33 0.0000014170
34 0.0000014170
35 0.0000014580
36 0.0000014580
37 0.0000016250
38 0.0000017090
39 0.0000015410
40 0.0000017500
41 0.0000016670
42 0.0000017500
43 0.0000017920
44 0.0000019160
45 0.0000018750
46 0.0000019170
47 0.0000019590
48 0.0000021660
49 0.0000022910
50 0.0000022920
51 0.0000022080
52 0.0000023330
53 0.0000023750
54 0.0000025830
55 0.0000024160
56 0.0000024580
57 0.0000025840
58 0.0000024170
59 0.0000027920
60 0.0000029170
61 0.0000026660
62 0.0000027920
63 0.0000032500
64 0.0000030420
65 0.0000029580
66 0.0000033750
67 0.0000031250
68 0.0000031250
69 0.0000032920
70 0.0000033340
71 0.0000032500
72 0.0000038750
73 0.0000033750
74 0.0000034170
75 0.0000035420
76 0.0000034590
77 0.0000037500
78 0.0000036670
79 0.0000037500
80 0.0000036670
81 0.0000040420
82 0.0000038330
83 0.0000039170
84 0.0000040000
85 0.0000040420
86 0.0000040830
87 0.0000047080
88 0.0000045000
89 0.0000044160
90 0.0000042910
91 0.0000046660
92 0.0000045000
93 0.0000045000
94 0.0000045840
95 0.0000046250
96 0.0000047500
97 0.0000054160
98 0.0000050000
99 0.0000055000
100 0.0000049160
101 0.0000050000
102 0.0000050830
103 0.0000052910
104 0.0000055000
105 0.0000052500
106 0.0000054580
107 0.0000054160
108 0.0000057500
109 0.0000058340
110 0.0000059590
111 0.0000056670
112 0.0000057090
113 0.0000057910
114 0.0000059160
115 0.0000062920
116 0.0000065000
117 0.0000059170
118 0.0000059170
119 0.0000061250
120 0.0000060830
121 0.0000063750
122 0.0000064580
123 0.0000063340
124 0.0000063750
125 0.0000068330
126 0.0000062920
127 0.0000067080
128 0.0000067910
129 0.0000066250
130 0.0000063750
131 0.0000065830
132 0.0000069580
133 0.0000067080
134 0.0000066250
135 0.0000072500
136 0.0000070000
137 0.0000072500
138 0.0000068330
139 0.0000078330
140 0.0000074580
141 0.0000076250
142 0.0000069590
143 0.0000077500
144 0.0000076670
145 0.0000075410
146 0.0000075830
147 0.0000077080
148 0.0000084590
149 0.0000078750
150 0.0000079170
151 0.0000082920
152 0.0000089590
153 0.0000082080
154 0.0000082090
155 0.0000082920
156 0.0000084160
157 0.0000134580
158 0.0000087090
159 0.0000085830
160 0.0000090420
161 0.0000087920
162 0.0000086250
163 0.0000095840
164 0.0000088750
165 0.0000088750
166 0.0000092500
167 0.0000094170
168 0.0000088750
169 0.0000093750
170 0.0000094170
171 0.0000095000
172 0.0000094580
173 0.0000100000
174 0.0000093750
175 0.0000090830
176 0.0000095420
177 0.0000094170
178 0.0000107500
179 0.0000098750
180 0.0000102920
181 0.0000103330
182 0.0000104580
183 0.0000112500
184 0.0000098340
185 0.0000098750
186 0.0000099170
187 0.0000107090
188 0.0000112500
189 0.0000104170
190 0.0000109580
191 0.0000108340
192 0.0000109160
193 0.0000110410
194 0.0000112500
195 0.0000107500
196 0.0000109580
197 0.0000115420
198 0.0000112080
199 0.0000111670
200 0.0000115000
201 0.0000110830
202 0.0000116670
203 0.0000111250
204 0.0000112080
205 0.0000122090
206 0.0000132080
207 0.0000117500
208 0.0000130830
209 0.0000116250
210 0.0000122500
211 0.0000119590
212 0.0000118750
213 0.0000114160
214 0.0000122910
215 0.0000124580
216 0.0000121660
217 0.0000123750
218 0.0000133330
219 0.0000122500
220 0.0000121660
221 0.0000142080
222 0.0000133330
223 0.0000136250
224 0.0000126670
225 0.0000129170
226 0.0000137080
227 0.0000127500
228 0.0000125830
229 0.0000136670
230 0.0000132500
231 0.0000142500
232 0.0000133330
233 0.0000135000
234 0.0000133330
235 0.0000132080
236 0.0000143330
237 0.0000138330
238 0.0000132080
239 0.0000136250
240 0.0000142080
241 0.0000137920
242 0.0000137910
243 0.0000140000
244 0.0000133750
245 0.0000155000
246 0.0000147920
247 0.0000148330
248 0.0000147920
249 0.0000138750
250 0.0000147080
251 0.0000147910
252 0.0000147090
253 0.0000152500
254 0.0000153340
255 0.0000160420
256 0.0000150410
257 0.0000161660
258 0.0000168750
259 0.0000151670
260 0.0000151670
261 0.0000159590
262 0.0000154170
263 0.0000157500
264 0.0000157500
265 0.0000156250
266 0.0000161250
267 0.0000160410
268 0.0000160000
269 0.0000164160
270 0.0000167920
271 0.0000161660
272 0.0000173750
273 0.0000170420
274 0.0000163330
275 0.0000163330
276 0.0000168750
277 0.0000168330
278 0.0000169170
279 0.0000175840
280 0.0000162500
281 0.0000171250
282 0.0000166250
283 0.0000170000
284 0.0000167910
285 0.0000176660
286 0.0000170410
287 0.0000167920
288 0.0000186670
289 0.0000175420
290 0.0000176250
291 0.0000183330
292 0.0000188750
293 0.0000185830
294 0.0000175000
295 0.0000177920
296 0.0000179590
297 0.0000175840
298 0.0000184580
299 0.0000184590
300 0.0000184160
301 0.0000181250
302 0.0000178750
303 0.0000186250
304 0.0000183330
305 0.0000182910
306 0.0000179590
307 0.0000186250
308 0.0000191670
309 0.0000201660
310 0.0000200420
311 0.0000193330
312 0.0000192920
313 0.0000188340
314 0.0000185830
315 0.0000247090
316 0.0000208750
317 0.0000219580
318 0.0000196670
319 0.0000195840
320 0.0000203750
321 0.0000195000
322 0.0000192910
323 0.0000198340
324 0.0000194590
325 0.0000200000
326 0.0000202920
327 0.0000201660
328 0.0000198330
329 0.0000207090
330 0.0000212910
331 0.0000207080
332 0.0000204170
333 0.0000202910
334 0.0000206250
335 0.0000207080
336 0.0000210000
337 0.0000216250
338 0.0000202920
339 0.0000213330
340 0.0000207920
341 0.0000216250
342 0.0000215000
343 0.0000208330
344 0.0000218330
345 0.0000230000
346 0.0000217500
347 0.0000219580
348 0.0000222920
349 0.0000212920
350 0.0000218750
351 0.0000217910
352 0.0000209590
353 0.0000217080
354 0.0000220420
355 0.0000227500
356 0.0000235420
357 0.0000217500
358 0.0000219590
359 0.0000229160
360 0.0000229580
361 0.0000222920
362 0.0000223340
363 0.0000227500
364 0.0000229580
365 0.0000280000
366 0.0000255830
367 0.0000297920
368 0.0000325830
369 0.0000317910
370 0.0000233750
371 0.0000237920
372 0.0000229590
373 0.0000238750
374 0.0000234170
375 0.0000237500
376 0.0000256250
377 0.0000233330
378 0.0000308330
379 0.0000257920
380 0.0000260000
381 0.0000249590
382 0.0000237080
383 0.0000243330
384 0.0000240840
385 0.0000249170
386 0.0000241660
387 0.0000241250
388 0.0000244580
389 0.0000248330
390 0.0000248330
391 0.0000253340
392 0.0000246250
393 0.0000246670
394 0.0000244580
395 0.0000250830
396 0.0000247500
397 0.0000260830
398 0.0000251250
399 0.0000249590
400 0.0000258750
401 0.0000255000
402 0.0000252920
403 0.0000265830
404 0.0000258750
405 0.0000257500
406 0.0000287500
407 0.0000257920
408 0.0000253750
409 0.0000262500
410 0.0000263330
411 0.0000260830
412 0.0000255000
413 0.0000280830
414 0.0000279580
415 0.0000270830
416 0.0000270830
417 0.0000261670
418 0.0000273750
419 0.0000280420
420 0.0000261660
421 0.0000275000
422 0.0000280000
423 0.0000293330
424 0.0000269160
425 0.0000277920
426 0.0000263330
427 0.0000287500
428 0.0000270410
429 0.0000275840
430 0.0000293750
431 0.0000279580
432 0.0000280410
433 0.0000299170
434 0.0000272920
435 0.0000280840
436 0.0000280830
437 0.0000417080
438 0.0000338750
439 0.0000293340
440 0.0000297920
441 0.0000285830
442 0.0000280420
443 0.0000278330
444 0.0000284160
445 0.0000285830
446 0.0000284580
447 0.0000292920
448 0.0000289580
449 0.0000299170
450 0.0000295000
451 0.0000282920
452 0.0000428750
453 0.0000293330
454 0.0000474580
455 0.0000333750
456 0.0000428750
457 0.0000323330
458 0.0000290420
459 0.0000302920
460 0.0000302920
461 0.0000300000
462 0.0000305000
463 0.0000305830
464 0.0000317500
465 0.0000302500
466 0.0000420410
467 0.0000307920
468 0.0000380840
469 0.0000462910
470 0.0000312080
471 0.0000459160
472 0.0000318340
473 0.0000312500
474 0.0000326250
475 0.0000320420
476 0.0000318340
477 0.0000315000
478 0.0000313330
479 0.0000313330
480 0.0000316670
481 0.0000347500
482 0.0000307500
483 0.0000314580
484 0.0000333330
485 0.0000344580
486 0.0000322910
487 0.0000334580
488 0.0000325420
489 0.0000340840
490 0.0000331250
491 0.0000332920
492 0.0000340000
493 0.0000322910
494 0.0000344590
495 0.0000333750
496 0.0000325840
497 0.0000327500
498 0.0000326250
499 0.0000349170
500 0.0000329170
501 0.0000331250
502 0.0000341250
503 0.0000340410
504 0.0000326670
505 0.0000336670
506 0.0000347920
507 0.0000350410
508 0.0000347080
509 0.0000359170
510 0.0000340000
511 0.0000340000
512 0.0000348750
513 0.0000332500
514 0.0000339590
515 0.0000341250
516 0.0000350420
517 0.0000341670
518 0.0000362920
519 0.0000354580
520 0.0000350000
521 0.0000363330
522 0.0000348340
523 0.0000326670
524 0.0000353330
525 0.0000344170
526 0.0000351670
527 0.0000366250
528 0.0000348750
529 0.0000357500
530 0.0000372500
531 0.0000372910
532 0.0000346250
533 0.0000357500
534 0.0000404160
535 0.0000366250
536 0.0000354170
537 0.0000362500
538 0.0000366660
539 0.0000377500
540 0.0000367920
541 0.0000389580
542 0.0000367080
543 0.0000382910
544 0.0000365000
545 0.0000375000
546 0.0000366250
547 0.0000381670
548 0.0000374160
549 0.0000392500
550 0.0000377080
551 0.0000375000
552 0.0000370420
553 0.0000389170
554 0.0000376250
555 0.0000442080
556 0.0000380840
557 0.0000375000
558 0.0000382080
559 0.0000380830
560 0.0000401250
561 0.0000383340
562 0.0000373750
563 0.0000385410
564 0.0000420000
565 0.0000385410
566 0.0000390840
567 0.0000397910
568 0.0000403330
569 0.0000389160
570 0.0000403750
571 0.0000387910
572 0.0000412500
573 0.0000399170
574 0.0000389170
575 0.0000395000
576 0.0000384160
577 0.0000399160
578 0.0000405000
579 0.0000398750
580 0.0000396250
581 0.0000405840
582 0.0000396670
583 0.0000406670
584 0.0000385830
585 0.0000410000
586 0.0000398750
587 0.0000393750
588 0.0000393340
589 0.0000422500
590 0.0000407080
591 0.0000405000
592 0.0000406670
593 0.0000402500
594 0.0000434580
595 0.0000404590
596 0.0000399170
597 0.0000430420
598 0.0000412500
599 0.0000407500
600 0.0000429590
601 0.0000442920
602 0.0000424580
603 0.0000401670
604 0.0000424580
605 0.0000435000
606 0.0000467500
607 0.0000414170
608 0.0000419580
609 0.0000405830
610 0.0000428340
611 0.0000419580
612 0.0000440420
613 0.0000436670
614 0.0000412920
615 0.0000407080
616 0.0000430830
617 0.0000437500
618 0.0000436250
619 0.0000425000
620 0.0000419160
621 0.0000435420
622 0.0000426670
623 0.0000430840
624 0.0000431670
625 0.0000426670
626 0.0000420420
627 0.0000425000
628 0.0000420420
629 0.0000428750
630 0.0000442920
631 0.0000445000
632 0.0000455420
633 0.0000451660
634 0.0000489580
635 0.0000432080
636 0.0000428340
637 0.0000430840
638 0.0000446660
639 0.0000433750
640 0.0000434590
641 0.0000442920
642 0.0000444160
643 0.0000442500
644 0.0000448750
645 0.0000428330
646 0.0000446250
647 0.0000448750
648 0.0000462080
649 0.0000467500
650 0.0000451670
651 0.0000452910
652 0.0000450420
653 0.0000448330
654 0.0000448340
655 0.0000482080
656 0.0000452090
657 0.0000465420
658 0.0000450420
659 0.0000449580
660 0.0000493750
661 0.0000492500
662 0.0000450000
663 0.0000461250
664 0.0000490410
665 0.0000470000
666 0.0000455000
667 0.0000470410
668 0.0000470000
669 0.0000489170
670 0.0000471250
671 0.0000475840
672 0.0000514590
673 0.0000480420
674 0.0000481250
675 0.0000465830
676 0.0000507920
677 0.0000500000
678 0.0000487500
679 0.0000480420
680 0.0000479160
681 0.0000507500
682 0.0000504170
683 0.0000472910
684 0.0000485420
685 0.0000472500
686 0.0000497080
687 0.0000481250
688 0.0000471670
689 0.0000504590
690 0.0000487500
691 0.0000499170
692 0.0000492090
693 0.0000481250
694 0.0000509170
695 0.0000490410
696 0.0000486250
697 0.0000495420
698 0.0000483340
699 0.0000500000
700 0.0000512080
701 0.0000488750
702 0.0000509590
703 0.0000500000
704 0.0000491250
705 0.0000507920
706 0.0000487500
707 0.0000507080
708 0.0000514580
709 0.0000496670
710 0.0000486250
711 0.0000516670
712 0.0000518330
713 0.0000485830
714 0.0000526660
715 0.0000548750
716 0.0000506670
717 0.0000502080
718 0.0000505410
719 0.0000507910
720 0.0000512920
721 0.0000511250
722 0.0000505000
723 0.0000516250
724 0.0000502080
725 0.0000526250
726 0.0000526250
727 0.0000526250
728 0.0000522920
729 0.0000491250
730 0.0000521670
731 0.0000522500
732 0.0000522920
733 0.0000519580
734 0.0000522080
735 0.0000524580
736 0.0000522500
737 0.0000531250
738 0.0000530410
739 0.0000527080
740 0.0000522500
741 0.0000557500
742 0.0000535000
743 0.0000562920
744 0.0000543750
745 0.0000530830
746 0.0000538750
747 0.0000547920
748 0.0000512090
749 0.0000529580
750 0.0000578750
751 0.0000660420
752 0.0000532920
753 0.0000598750
754 0.0000712500
755 0.0000522910
756 0.0000536250
757 0.0000571250
758 0.0000549170
759 0.0000537080
760 0.0000531250
761 0.0000548330
762 0.0000590840
763 0.0000550830
764 0.0000548330
765 0.0000572920
766 0.0000542080
767 0.0000587500
768 0.0000538340
769 0.0000558330
770 0.0000564590
771 0.0000547500
772 0.0000547920
773 0.0000546250
774 0.0000550830
775 0.0000622080
776 0.0000645830
777 0.0000562500
778 0.0000545840
779 0.0000579160
780 0.0000549160
781 0.0000552500
782 0.0000547920
783 0.0000567080
784 0.0000551670
785 0.0000596250
786 0.0000565000
787 0.0000555000
788 0.0000540000
789 0.0000540420
790 0.0000561660
791 0.0000562080
792 0.0000570410
793 0.0000587910
794 0.0000587920
795 0.0000572910
796 0.0000596670
797 0.0000556670
798 0.0000562080
799 0.0000555840
800 0.0000558750
801 0.0000579580
802 0.0000610420
803 0.0000589160
804 0.0000577500
805 0.0000600420
806 0.0000583330
807 0.0000607500
808 0.0000593750
809 0.0000584580
810 0.0000575840
811 0.0000592500
812 0.0000591250
813 0.0000591250
814 0.0000632920
815 0.0000590830
816 0.0000612920
817 0.0000586250
818 0.0000585000
819 0.0000585830
820 0.0000635410
821 0.0000600830
822 0.0000587080
823 0.0000577090
824 0.0000600000
825 0.0000600420
826 0.0000588750
827 0.0000588750
828 0.0000586670
829 0.0000607500
830 0.0000596250
831 0.0000607500
832 0.0000633750
833 0.0000602920
834 0.0000639580
835 0.0000620420
836 0.0000621670
837 0.0000611670
838 0.0000610000
839 0.0000604580
840 0.0000622920
841 0.0000614170
842 0.0000644590
843 0.0000625410
844 0.0000610420
845 0.0000611660
846 0.0000627910
847 0.0000630420
848 0.0000628750
849 0.0000646670
850 0.0000610000
851 0.0000603750
852 0.0000608750
853 0.0000632920
854 0.0000624590
855 0.0000622080
856 0.0000622500
857 0.0000620000
858 0.0000601670
859 0.0000627500
860 0.0000621660
861 0.0000615410
862 0.0000662910
863 0.0000630410
864 0.0000615000
865 0.0000635000
866 0.0000651250
867 0.0000682920
868 0.0000637500
869 0.0000633330
870 0.0000614160
871 0.0000626670
872 0.0000635840
873 0.0000637080
874 0.0000627920
875 0.0000639580
876 0.0000649170
877 0.0000670830
878 0.0000647090
879 0.0000665830
880 0.0000669580
881 0.0000622910
882 0.0000651250
883 0.0000649170
884 0.0000639170
885 0.0000645000
886 0.0000661250
887 0.0000625000
888 0.0000654170
889 0.0000622080
890 0.0000671670
891 0.0000664160
892 0.0000639170
893 0.0000672080
894 0.0000643330
895 0.0000651250
896 0.0000648750
897 0.0000681250
898 0.0000830000
899 0.0000676250
900 0.0000658330
901 0.0000693330
902 0.0000645840
903 0.0000649590
904 0.0000665000
905 0.0000682080
906 0.0000647920
907 0.0000656250
908 0.0000661660
909 0.0000708330
910 0.0000700000
911 0.0000649160
912 0.0000660420
913 0.0000692080
914 0.0000678340
915 0.0000691670
916 0.0000661670
917 0.0000683750
918 0.0000664580
919 0.0000665420
920 0.0000717080
921 0.0000681250
922 0.0000679590
923 0.0000677080
924 0.0000672920
925 0.0000701670
926 0.0000677500
927 0.0000682080
928 0.0000683750
929 0.0000679580
930 0.0000688340
931 0.0000679160
932 0.0000677920
933 0.0000720000
934 0.0000690420
935 0.0000697500
936 0.0000672080
937 0.0000709170
938 0.0000771660
939 0.0000721670
940 0.0000717920
941 0.0000692920
942 0.0000715420
943 0.0000716660
944 0.0000695830
945 0.0000703340
946 0.0000730410
947 0.0000690000
948 0.0000766250
949 0.0000897500
950 0.0000794580
951 0.0000809590
952 0.0000766250
953 0.0000782500
954 0.0000711250
955 0.0000738750
956 0.0000698750
957 0.0000700830
958 0.0000730830
959 0.0000701250
960 0.0000718330
961 0.0000727090
962 0.0000714580
963 0.0000765420
964 0.0000706250
965 0.0000726670
966 0.0000722090
967 0.0000717910
968 0.0000705830
969 0.0000747910
970 0.0000857910
971 0.0000842910
972 0.0000750000
973 0.0000846660
974 0.0000763750
975 0.0000766670
976 0.0000735830
977 0.0000857910
978 0.0000872920
979 0.0000808750
980 0.0000802500
981 0.0000807500
982 0.0000855000
983 0.0000937500
984 0.0000966670
985 0.0000802090
986 0.0000820420
987 0.0000757080
988 0.0000707500
989 0.0000744160
990 0.0000756670
991 0.0000792920
992 0.0000720410
993 0.0000710000
994 0.0000870420
995 0.0000819160
996 0.0000905830
997 0.0000731250
998 0.0000770000
999 0.0000773330

hoare:
1 0.0000001660
2 0.0000001660
3 0.0000000830
4 0.0000001250
5 0.0000001670
6 0.0000002080
7 0.0000003330
8 0.0000002500
9 0.0000003750
10 0.0000004590
11 0.0000005840
12 0.0000005830
13 0.0000005420
14 0.0000005840
15 0.0000006670
16 0.0000006670
17 0.0000009590
18 0.0000008340
19 0.0000008750
20 0.0000009170
21 0.0000009590
22 0.0000009580
23 0.0000011670
24 0.0000012500
25 0.0000012080
26 0.0000014170
27 0.0000014580
28 0.0000013340
29 0.0000014590
30 0.0000014170
31 0.0000016250
32 0.0000017090
33 0.0000017500
34 0.0000020000
35 0.0000017500
36 0.0000021670
37 0.0000020000
38 0.0000021250
39 0.0000020830
40 0.0000021670
41 0.0000022910
42 0.0000023330
43 0.0000023750
44 0.0000023750
45 0.0000023750
46 0.0000023750
47 0.0000024580
48 0.0000025840
49 0.0000026670
50 0.0000026250
51 0.0000030000
52 0.0000029170
53 0.0000030410
54 0.0000031250
55 0.0000030000
56 0.0000031250
57 0.0000031250
58 0.0000032920
59 0.0000033750
60 0.0000034160
61 0.0000034170
62 0.0000033750
63 0.0000037080
64 0.0000035830
65 0.0000037500
66 0.0000042910
67 0.0000038330
68 0.0000042080
69 0.0000039580
70 0.0000039160
71 0.0000040000
72 0.0000043330
73 0.0000044170
74 0.0000042910
75 0.0000042500
76 0.0000048750
77 0.0000043330
78 0.0000047080
79 0.0000045000
80 0.0000047910
81 0.0000045830
82 0.0000047080
83 0.0000050420
84 0.0000054580
85 0.0000058330
86 0.0000052090
87 0.0000052090
88 0.0000057090
89 0.0000054170
90 0.0000052920
91 0.0000056670
92 0.0000057500
93 0.0000056250
94 0.0000060420
95 0.0000056250
96 0.0000059160
97 0.0000059590
98 0.0000059170
99 0.0000067920
100 0.0000064580
101 0.0000062080
102 0.0000064590
103 0.0000060830
104 0.0000063330
105 0.0000062910
106 0.0000065420
107 0.0000065000
108 0.0000066250
109 0.0000066250
110 0.0000071250
111 0.0000067500
112 0.0000071250
113 0.0000067910
114 0.0000070840
115 0.0000073750
116 0.0000071670
117 0.0000074580
118 0.0000076250
119 0.0000072080
120 0.0000077500
121 0.0000077080
122 0.0000109170
123 0.0000100830
124 0.0000084170
125 0.0000082500
126 0.0000094580
127 0.0000115000
128 0.0000097080
129 0.0000088750
130 0.0000090420
131 0.0000090000
132 0.0000092090
133 0.0000093750
134 0.0000092500
135 0.0000092500
136 0.0000093750
137 0.0000092090
138 0.0000094170
139 0.0000094160
140 0.0000099580
141 0.0000105420
142 0.0000102910
143 0.0000099580
144 0.0000104580
145 0.0000102920
146 0.0000105410
147 0.0000105840
148 0.0000104580
149 0.0000105830
150 0.0000105410
151 0.0000110420
152 0.0000104170
153 0.0000107920
154 0.0000110000
155 0.0000110840
156 0.0000106660
157 0.0000112090
158 0.0000113340
159 0.0000111670
160 0.0000115000
161 0.0000114590
162 0.0000118340
163 0.0000112090
164 0.0000107910
165 0.0000105840
166 0.0000109590
167 0.0000109580
168 0.0000110000
169 0.0000105420
170 0.0000111670
171 0.0000110420
172 0.0000112920
173 0.0000112910
174 0.0000113330
175 0.0000111660
176 0.0000113340
177 0.0000115000
178 0.0000119160
179 0.0000117500
180 0.0000118330
181 0.0000119170
182 0.0000119170
183 0.0000126660
184 0.0000125000
185 0.0000122080
186 0.0000122500
187 0.0000125410
188 0.0000124580
189 0.0000130000
190 0.0000130830
191 0.0000127500
192 0.0000125420
193 0.0000129160
194 0.0000129170
195 0.0000130000
196 0.0000130830
197 0.0000130000
198 0.0000130840
199 0.0000135830
200 0.0000138750
201 0.0000137080
202 0.0000142080
203 0.0000137500
204 0.0000143750
205 0.0000142920
206 0.0000140830
207 0.0000139590
208 0.0000142500
209 0.0000145420
210 0.0000141250
211 0.0000145830
212 0.0000145000
213 0.0000152500
214 0.0000147080
215 0.0000147920
216 0.0000147500
217 0.0000149170
218 0.0000147080
219 0.0000147920
220 0.0000147080
221 0.0000151250
222 0.0000151250
223 0.0000153750
224 0.0000155830
225 0.0000152500
226 0.0000158340
227 0.0000154580
228 0.0000154580
229 0.0000160420
230 0.0000158750
231 0.0000162920
232 0.0000156660
233 0.0000157920
234 0.0000163340
235 0.0000164170
236 0.0000165830
237 0.0000167500
238 0.0000166660
239 0.0000163330
240 0.0000166250
241 0.0000164160
242 0.0000162920
243 0.0000165000
244 0.0000169580
245 0.0000175000
246 0.0000176660
247 0.0000172910
248 0.0000172090
249 0.0000178340
250 0.0000177080
251 0.0000176250
252 0.0000173750
253 0.0000177090
254 0.0000181250
255 0.0000175840
256 0.0000180830
257 0.0000183330
258 0.0000182920
259 0.0000180000
260 0.0000179580
261 0.0000189590
262 0.0000186250
263 0.0000185420
264 0.0000192080
265 0.0000187910
266 0.0000189160
267 0.0000186670
268 0.0000193340
269 0.0000190420
270 0.0000192500
271 0.0000192500
272 0.0000190420
273 0.0000231250
274 0.0000195420
275 0.0000195410
276 0.0000199160
277 0.0000197090
278 0.0000196670
279 0.0000198330
280 0.0000204170
281 0.0000205420
282 0.0000202920
283 0.0000202080
284 0.0000198340
285 0.0000206250
286 0.0000210830
287 0.0000202910
288 0.0000208750
289 0.0000214590
290 0.0000211250
291 0.0000206670
292 0.0000209170
293 0.0000210420
294 0.0000215840
295 0.0000212920
296 0.0000214580
297 0.0000217920
298 0.0000213750
299 0.0000226250
300 0.0000221250
301 0.0000212910
302 0.0000220840
303 0.0000225830
304 0.0000223750
305 0.0000223750
306 0.0000222080
307 0.0000222500
308 0.0000222500
309 0.0000224170
310 0.0000228330
311 0.0000224580
312 0.0000223750
313 0.0000232500
314 0.0000223750
315 0.0000236250
316 0.0000232090
317 0.0000229160
318 0.0000232500
319 0.0000228750
320 0.0000238750
321 0.0000233750
322 0.0000320420
323 0.0000234590
324 0.0000235420
325 0.0000237920
326 0.0000234590
327 0.0000237910
328 0.0000243750
329 0.0000237500
330 0.0000240410
331 0.0000243330
332 0.0000248340
333 0.0000242500
334 0.0000243330
335 0.0000247090
336 0.0000237910
337 0.0000248340
338 0.0000245420
339 0.0000252080
340 0.0000245830
341 0.0000247500
342 0.0000249160
343 0.0000252920
344 0.0000257080
345 0.0000250840
346 0.0000250830
347 0.0000257500
348 0.0000256250
349 0.0000253750
350 0.0000256660
351 0.0000254590
352 0.0000257080
353 0.0000290830
354 0.0000262500
355 0.0000256250
356 0.0000255840
357 0.0000263750
358 0.0000258750
359 0.0000275000
360 0.0000269580
361 0.0000266250
362 0.0000271250
363 0.0000268750
364 0.0000279580
365 0.0000266250
366 0.0000269170
367 0.0000274170
368 0.0000274590
369 0.0000278330
370 0.0000275840
371 0.0000276250
372 0.0000269590
373 0.0000280840
374 0.0000276250
375 0.0000279160
376 0.0000282500
377 0.0000276250
378 0.0000287500
379 0.0000278340
380 0.0000280840
381 0.0000292500
382 0.0000279580
383 0.0000285000
384 0.0000296250
385 0.0000291250
386 0.0000286660
387 0.0000287080
388 0.0000300420
389 0.0000296250
390 0.0000291660
391 0.0000289590
392 0.0000292500
393 0.0000296660
394 0.0000295420
395 0.0000294590
396 0.0000300000
397 0.0000300000
398 0.0000300830
399 0.0000297920
400 0.0000312090
401 0.0000297920
402 0.0000302500
403 0.0000307500
404 0.0000303750
405 0.0000310830
406 0.0000308330
407 0.0000305000
408 0.0000312920
409 0.0000305410
410 0.0000305830
411 0.0000307500
412 0.0000308750
413 0.0000317500
414 0.0000307920
415 0.0000310000
416 0.0000315840
417 0.0000316250
418 0.0000354170
419 0.0000321670
420 0.0000314170
421 0.0000320000
422 0.0000313750
423 0.0000355840
424 0.0000331250
425 0.0000319580
426 0.0000322080
427 0.0000325420
428 0.0000321660
429 0.0000320840
430 0.0000324160
431 0.0000324170
432 0.0000336250
433 0.0000327920
434 0.0000326250
435 0.0000330000
436 0.0000332920
437 0.0000381660
438 0.0000325420
439 0.0000335420
440 0.0000334170
441 0.0000332500
442 0.0000331250
443 0.0000342080
444 0.0000338330
445 0.0000339580
446 0.0000342910
447 0.0000338750
448 0.0000337080
449 0.0000345000
450 0.0000349170
451 0.0000350840
452 0.0000347080
453 0.0000349170
454 0.0000343750
455 0.0000347090
456 0.0000350420
457 0.0000344580
458 0.0000357080
459 0.0000365410
460 0.0000350830
461 0.0000353750
462 0.0000353330
463 0.0000352080
464 0.0000350840
465 0.0000362500
466 0.0000360410
467 0.0000362500
468 0.0000361670
469 0.0000371250
470 0.0000351670
471 0.0000355840
472 0.0000358750
473 0.0000365420
474 0.0000370000
475 0.0000370830
476 0.0000366660
477 0.0000360420
478 0.0000368750
479 0.0000367500
480 0.0000372080
481 0.0000374170
482 0.0000367090
483 0.0000374170
484 0.0000391250
485 0.0000376670
486 0.0000375420
487 0.0000381670
488 0.0000379160
489 0.0000375000
490 0.0000385840
491 0.0000378750
492 0.0000383750
493 0.0000377500
494 0.0000379580
495 0.0000392090
496 0.0000392920
497 0.0000380000
498 0.0000381250
499 0.0000385830
500 0.0000385420
501 0.0000385420
502 0.0000377500
503 0.0000390420
504 0.0000392500
505 0.0000394170
506 0.0000392910
507 0.0000396250
508 0.0000390420
509 0.0000405830
510 0.0000391670
511 0.0000396660
512 0.0000396670
513 0.0000399160
514 0.0000401670
515 0.0000405830
516 0.0000400840
517 0.0000400830
518 0.0000407920
519 0.0000406660
520 0.0000396250
521 0.0000406660
522 0.0000407090
523 0.0000411250
524 0.0000412910
525 0.0000410420
526 0.0000415000
527 0.0000415840
528 0.0000411250
529 0.0000415410
530 0.0000414170
531 0.0000413750
532 0.0000423330
533 0.0000420420
534 0.0000416250
535 0.0000421660
536 0.0000430000
537 0.0000408750
538 0.0000418750
539 0.0000429590
540 0.0000420830
541 0.0000426250
542 0.0000425000
543 0.0000423750
544 0.0000432090
545 0.0000429160
546 0.0000425830
547 0.0000425830
548 0.0000430000
549 0.0000437500
550 0.0000445420
551 0.0000430000
552 0.0000439170
553 0.0000431660
554 0.0000444590
555 0.0000430830
556 0.0000437920
557 0.0000435000
558 0.0000432910
559 0.0000438330
560 0.0000438750
561 0.0000450830
562 0.0000482080
563 0.0000442090
564 0.0000448750
565 0.0000444170
566 0.0000455420
567 0.0000451670
568 0.0000454170
569 0.0000461670
570 0.0000452920
571 0.0000450000
572 0.0000449160
573 0.0000453340
574 0.0000462080
575 0.0000458750
576 0.0000454160
577 0.0000451670
578 0.0000469160
579 0.0000456660
580 0.0000457090
581 0.0000457500
582 0.0000460830
583 0.0000468330
584 0.0000455830
585 0.0000454590
586 0.0000465000
587 0.0000465840
588 0.0000473340
589 0.0000458750
590 0.0000470420
591 0.0000477500
592 0.0000471250
593 0.0000460420
594 0.0000475830
595 0.0000470830
596 0.0000470000
597 0.0000468750
598 0.0000470840
599 0.0000476670
600 0.0000487090
601 0.0000482080
602 0.0000468750
603 0.0000513340
604 0.0000487500
605 0.0000485840
606 0.0000486250
607 0.0000480420
608 0.0000478750
609 0.0000488340
610 0.0000492080
611 0.0000485410
612 0.0000490000
613 0.0000483750
614 0.0000503750
615 0.0000492080
616 0.0000496250
617 0.0000500840
618 0.0000482920
619 0.0000495830
620 0.0000483750
621 0.0000492500
622 0.0000505000
623 0.0000508330
624 0.0000494590
625 0.0000493750
626 0.0000498750
627 0.0000493750
628 0.0000513330
629 0.0000497500
630 0.0000499580
631 0.0000504160
632 0.0000514170
633 0.0000519590
634 0.0000516670
635 0.0000521250
636 0.0000512910
637 0.0000523330
638 0.0000512080
639 0.0000516660
640 0.0000506670
641 0.0000514580
642 0.0000521250
643 0.0000517080
644 0.0000526660
645 0.0000520410
646 0.0000518750
647 0.0000525840
648 0.0000521670
649 0.0000528330
650 0.0000528330
651 0.0000520420
652 0.0000527920
653 0.0000534170
654 0.0000526670
655 0.0000521670
656 0.0000532920
657 0.0000538330
658 0.0000513750
659 0.0000530830
660 0.0000574580
661 0.0000548750
662 0.0000535410
663 0.0000531250
664 0.0000538750
665 0.0000536670
666 0.0000550000
667 0.0000534160
668 0.0000535830
669 0.0000539580
670 0.0000542500
671 0.0000554580
672 0.0000555410
673 0.0000534170
674 0.0000542090
675 0.0000541660
676 0.0000549580
677 0.0000583330
678 0.0000546250
679 0.0000555420
680 0.0000544160
681 0.0000532500
682 0.0000562500
683 0.0000555420
684 0.0000556670
685 0.0000552500
686 0.0000561250
687 0.0000557920
688 0.0000558330
689 0.0000559580
690 0.0000547080
691 0.0000555830
692 0.0000583750
693 0.0000558750
694 0.0000564590
695 0.0000554580
696 0.0000580830
697 0.0000559160
698 0.0000582080
699 0.0000564170
700 0.0000565420
701 0.0000556660
702 0.0000563750
703 0.0000570840
704 0.0000579170
705 0.0000572920
706 0.0000572500
707 0.0000579580
708 0.0000582920
709 0.0000579170
710 0.0000580830
711 0.0000568750
712 0.0000621250
713 0.0000572910
714 0.0000594170
715 0.0000583340
716 0.0000593750
717 0.0000578340
718 0.0000571660
719 0.0000592500
720 0.0000580000
721 0.0000590000
722 0.0000589590
723 0.0000591250
724 0.0000582500
725 0.0000590410
726 0.0000607500
727 0.0000592920
728 0.0000595420
729 0.0000586660
730 0.0000605000
731 0.0000592080
732 0.0000597500
733 0.0000595000
734 0.0000603750
735 0.0000603750
736 0.0000597910
737 0.0000624170
738 0.0000596670
739 0.0000595000
740 0.0000597080
741 0.0000593330
742 0.0000603750
743 0.0000601670
744 0.0000612920
745 0.0000619170
746 0.0000598330
747 0.0000622500
748 0.0000600000
749 0.0000601670
750 0.0000613750
751 0.0000601250
752 0.0000616250
753 0.0000625000
754 0.0000600840
755 0.0000625830
756 0.0000631250
757 0.0000610410
758 0.0000618750
759 0.0000609580
760 0.0000630410
761 0.0000623330
762 0.0000629160
763 0.0000639170
764 0.0000633750
765 0.0000626660
766 0.0000623750
767 0.0000629160
768 0.0000627920
769 0.0000624170
770 0.0000638750
771 0.0000635840
772 0.0000638750
773 0.0000647910
774 0.0000630420
775 0.0000670000
776 0.0000627500
777 0.0000634590
778 0.0000640420
779 0.0000633750
780 0.0000633340
781 0.0000656250
782 0.0000640840
783 0.0000648330
784 0.0000661670
785 0.0000651660
786 0.0000625830
787 0.0000633340
788 0.0000646670
789 0.0000641670
790 0.0000658750
791 0.0000660420
792 0.0000656670
793 0.0000654160
794 0.0000649170
795 0.0000659170
796 0.0000661250
797 0.0000681670
798 0.0000658750
799 0.0000660830
800 0.0000667080
801 0.0000661250
802 0.0000655830
803 0.0000656250
804 0.0000688330
805 0.0000665840
806 0.0000661660
807 0.0000672080
808 0.0000660840
809 0.0000673750
810 0.0000669160
811 0.0000669590
812 0.0000662080
813 0.0000682500
814 0.0000673750
815 0.0000663750
816 0.0000677920
817 0.0000675000
818 0.0000672910
819 0.0000674590
820 0.0000726670
821 0.0000668750
822 0.0000672920
823 0.0000668750
824 0.0000697500
825 0.0000693330
826 0.0000672500
827 0.0000672500
828 0.0000670000
829 0.0000685000
830 0.0000689170
831 0.0000684580
832 0.0000690000
833 0.0000720840
834 0.0000683750
835 0.0000685840
836 0.0000691250
837 0.0000690840
838 0.0000706250
839 0.0000700420
840 0.0000709580
841 0.0000704170
842 0.0000692500
843 0.0000716250
844 0.0000718330
845 0.0000697500
846 0.0000708330
847 0.0000700000
848 0.0000703330
849 0.0000726250
850 0.0000702920
851 0.0000698330
852 0.0000695830
853 0.0000709170
854 0.0000711670
855 0.0000698750
856 0.0000727500
857 0.0000711660
858 0.0000710420
859 0.0000718330
860 0.0000751250
861 0.0000715000
862 0.0000710420
863 0.0000716670
864 0.0000719580
865 0.0000729170
866 0.0000725830
867 0.0000718750
868 0.0000722500
869 0.0000722910
870 0.0000712920
871 0.0000729580
872 0.0000742080
873 0.0000735830
874 0.0000740000
875 0.0000725000
876 0.0000745830
877 0.0000731250
878 0.0000718330
879 0.0000751250
880 0.0000725000
881 0.0000724170
882 0.0000742090
883 0.0000725000
884 0.0000730420
885 0.0000740420
886 0.0000774580
887 0.0000748330
888 0.0000750000
889 0.0000743330
890 0.0000735000
891 0.0000767920
892 0.0001005000
893 0.0000847500
894 0.0000750410
895 0.0000840840
896 0.0000766660
897 0.0000734170
898 0.0000780840
899 0.0000865420
900 0.0000759160
901 0.0000860420
902 0.0000907920
903 0.0000763750
904 0.0000797500
905 0.0000752500
906 0.0000748750
907 0.0000928330
908 0.0000758750
909 0.0000764170
910 0.0000757090
911 0.0000762920
912 0.0000767090
913 0.0000903750
914 0.0000945000
915 0.0000887500
916 0.0000901250
917 0.0000921250
918 0.0000770840
919 0.0000882090
920 0.0000805840
921 0.0000766250
922 0.0000780420
923 0.0000779580
924 0.0000763340
925 0.0000770840
926 0.0000795410
927 0.0000774170
928 0.0000767080
929 0.0000783330
930 0.0000770830
931 0.0000795830
932 0.0000816670
933 0.0000777080
934 0.0000775000
935 0.0000773750
936 0.0000787500
937 0.0000815830
938 0.0000773750
939 0.0000791660
940 0.0000781670
941 0.0000797500
942 0.0000772500
943 0.0000795000
944 0.0000785420
945 0.0000831670
946 0.0000796670
947 0.0000789170
948 0.0000800420
949 0.0000807500
950 0.0000839590
951 0.0000816660
952 0.0000804590
953 0.0000815000
954 0.0000797080
955 0.0000791670
956 0.0000833330
957 0.0000802920
958 0.0000820000
959 0.0000816250
960 0.0000815830
961 0.0000809170
962 0.0000818750
963 0.0000817910
964 0.0000817500
965 0.0000805410
966 0.0000819580
967 0.0000829590
968 0.0000854170
969 0.0000828330
970 0.0000809590
971 0.0000833750
972 0.0000822910
973 0.0000820420
974 0.0000831250
975 0.0000827500
976 0.0000828330
977 0.0000823330
978 0.0000824160
979 0.0000836250
980 0.0000808330
981 0.0000821250
982 0.0000837920
983 0.0000890000
984 0.0000872920
985 0.0000830000
986 0.0000848330
987 0.0000841670
988 0.0000843330
989 0.0000855000
990 0.0000843750
991 0.0000851250
992 0.0000824590
993 0.0000839160
994 0.0000838750
995 0.0000840000
996 0.0000855410
997 0.0000838750
998 0.0000847920
999 0.0000840830

median:
1 0.0000000420
2 0.0000003750
3 0.0000001250
4 0.0000001670
5 0.0000002090
6 0.0000002920
7 0.0000002080
8 0.0000003750
9 0.0000004170
10 0.0000005000
11 0.0000004580
12 0.0000005410
13 0.0000005420
14 0.0000005000
15 0.0000006250
16 0.0000006250
17 0.0000008750
18 0.0000010830
19 0.0000009170
20 0.0000011670
21 0.0000011250
22 0.0000011250
23 0.0000010830
24 0.0000011250
25 0.0000013330
26 0.0000013330
27 0.0000015830
28 0.0000015420
29 0.0000016250
30 0.0000015840
31 0.0000017080
32 0.0000018750
33 0.0000017920
34 0.0000017910
35 0.0000020420
36 0.0000021670
37 0.0000019170
38 0.0000022080
39 0.0000021250
40 0.0000023750
41 0.0000023750
42 0.0000025830
43 0.0000024170
44 0.0000025840
45 0.0000025830
46 0.0000025000
47 0.0000028330
48 0.0000027500
49 0.0000031660
50 0.0000030840
51 0.0000029590
52 0.0000031660
53 0.0000031250
54 0.0000032080
55 0.0000035000
56 0.0000031670
57 0.0000032910
58 0.0000034590
59 0.0000037090
60 0.0000038330
61 0.0000036670
62 0.0000037500
63 0.0000038750
64 0.0000039580
65 0.0000039590
66 0.0000038750
67 0.0000042500
68 0.0000043330
69 0.0000041250
70 0.0000040830
71 0.0000043750
72 0.0000042920
73 0.0000043340
74 0.0000045830
75 0.0000047080
76 0.0000047080
77 0.0000046670
78 0.0000049170
79 0.0000050000
80 0.0000050000
81 0.0000049160
82 0.0000048750
83 0.0000053330
84 0.0000050000
85 0.0000051250
86 0.0000051250
87 0.0000054160
88 0.0000053750
89 0.0000053750
90 0.0000057080
91 0.0000054160
92 0.0000059580
93 0.0000060420
94 0.0000061250
95 0.0000060830
96 0.0000063750
97 0.0000065410
98 0.0000062080
99 0.0000066670
100 0.0000064580
101 0.0000063750
102 0.0000070000
103 0.0000064580
104 0.0000063330
105 0.0000062920
106 0.0000065410
107 0.0000069590
108 0.0000068750
109 0.0000069580
110 0.0000068750
111 0.0000072910
112 0.0000072910
113 0.0000071250
114 0.0000071660
115 0.0000071250
116 0.0000073750
117 0.0000075000
118 0.0000075420
119 0.0000078750
120 0.0000077910
121 0.0000079590
122 0.0000077500
123 0.0000077080
124 0.0000083750
125 0.0000082500
126 0.0000082080
127 0.0000086250
128 0.0000081250
129 0.0000082500
130 0.0000083750
131 0.0000084170
132 0.0000086660
133 0.0000089160
134 0.0000088750
135 0.0000090000
136 0.0000094170
137 0.0000092920
138 0.0000090000
139 0.0000092500
140 0.0000094580
141 0.0000092080
142 0.0000096670
143 0.0000090420
144 0.0000097090
145 0.0000097090
146 0.0000099580
147 0.0000096670
148 0.0000100000
149 0.0000098750
150 0.0000095420
151 0.0000106250
152 0.0000100000
153 0.0000100840
154 0.0000101660
155 0.0000104580
156 0.0000103330
157 0.0000102920
158 0.0000105410
159 0.0000107090
160 0.0000108750
161 0.0000111250
162 0.0000110420
163 0.0000111250
164 0.0000107500
165 0.0000109580
166 0.0000113750
167 0.0000115000
168 0.0000115830
169 0.0000114590
170 0.0000117500
171 0.0000115420
172 0.0000115410
173 0.0000121670
174 0.0000121670
175 0.0000120420
176 0.0000122920
177 0.0000122090
178 0.0000122080
179 0.0000122920
180 0.0000122920
181 0.0000130410
182 0.0000126250
183 0.0000122920
184 0.0000128330
185 0.0000128330
186 0.0000133750
187 0.0000132920
188 0.0000129590
189 0.0000132090
190 0.0000132080
191 0.0000132500
192 0.0000135420
193 0.0000135000
194 0.0000135830
195 0.0000130840
196 0.0000136660
197 0.0000137080
198 0.0000139170
199 0.0000136660
200 0.0000141660
201 0.0000135830
202 0.0000141670
203 0.0000142920
204 0.0000147090
205 0.0000149590
206 0.0000140420
207 0.0000145410
208 0.0000148750
209 0.0000149590
210 0.0000146250
211 0.0000149590
212 0.0000145830
213 0.0000146670
214 0.0000143330
215 0.0000152500
216 0.0000155420
217 0.0000154170
218 0.0000153750
219 0.0000157500
220 0.0000156250
221 0.0000157920
222 0.0000158750
223 0.0000157080
224 0.0000158330
225 0.0000159580
226 0.0000161660
227 0.0000162920
228 0.0000153750
229 0.0000166250
230 0.0000165420
231 0.0000167090
232 0.0000167910
233 0.0000168330
234 0.0000172500
235 0.0000174170
236 0.0000172500
237 0.0000169580
238 0.0000170000
239 0.0000170840
240 0.0000169160
241 0.0000177080
242 0.0000172080
243 0.0000171250
244 0.0000175830
245 0.0000176250
246 0.0000176250
247 0.0000179580
248 0.0000185840
249 0.0000183750
250 0.0000181250
251 0.0000182090
252 0.0000182090
253 0.0000190420
254 0.0000189580
255 0.0000185000
256 0.0000184170
257 0.0000188340
258 0.0000185830
259 0.0000193340
260 0.0000188750
261 0.0000189590
262 0.0000187080
263 0.0000190000
264 0.0000193340
265 0.0000193330
266 0.0000200000
267 0.0000193330
268 0.0000195830
269 0.0000197920
270 0.0000198330
271 0.0000192500
272 0.0000197500
273 0.0000208750
274 0.0000210420
275 0.0000203750
276 0.0000209160
277 0.0000205410
278 0.0000202910
279 0.0000205420
280 0.0000206250
281 0.0000205000
282 0.0000214580
283 0.0000212920
284 0.0000212500
285 0.0000213340
286 0.0000211250
287 0.0000217500
288 0.0000215410
289 0.0000218330
290 0.0000216660
291 0.0000215410
292 0.0000217080
293 0.0000220000
294 0.0000221250
295 0.0000218750
296 0.0000222080
297 0.0000218330
298 0.0000227500
299 0.0000223750
300 0.0000222920
301 0.0000222500
302 0.0000231250
303 0.0000220830
304 0.0000227500
305 0.0000231250
306 0.0000222090
307 0.0000232920
308 0.0000229170
309 0.0000232920
310 0.0000235830
311 0.0000232080
312 0.0000235420
313 0.0000236670
314 0.0000242500
315 0.0000237090
316 0.0000235840
317 0.0000245840
318 0.0000244170
319 0.0000235420
320 0.0000242500
321 0.0000242920
322 0.0000248750
323 0.0000251250
324 0.0000243750
325 0.0000250420
326 0.0000244590
327 0.0000249170
328 0.0000246250
329 0.0000250410
330 0.0000250000
331 0.0000250410
332 0.0000250830
333 0.0000252500
334 0.0000253750
335 0.0000257910
336 0.0000252500
337 0.0000252910
338 0.0000259580
339 0.0000253750
340 0.0000260000
341 0.0000257920
342 0.0000256250
343 0.0000266660
344 0.0000262090
345 0.0000263750
346 0.0000263750
347 0.0000262920
348 0.0000266250
349 0.0000272920
350 0.0000269580
351 0.0000267080
352 0.0000263330
353 0.0000272080
354 0.0000267910
355 0.0000268330
356 0.0000270000
357 0.0000270830
358 0.0000277500
359 0.0000275410
360 0.0000274160
361 0.0000271670
362 0.0000275420
363 0.0000277500
364 0.0000278750
365 0.0000274160
366 0.0000275420
367 0.0000275420
368 0.0000285000
369 0.0000279580
370 0.0000276660
371 0.0000275840
372 0.0000283750
373 0.0000285000
374 0.0000288330
375 0.0000285000
376 0.0000281250
377 0.0000292920
378 0.0000333330
379 0.0000293330
380 0.0000290830
381 0.0000295830
382 0.0000287500
383 0.0000290000
384 0.0000297920
385 0.0000301250
386 0.0000302910
387 0.0000300000
388 0.0000306250
389 0.0000299580
390 0.0000298750
391 0.0000295830
392 0.0000310420
393 0.0000302500
394 0.0000301250
395 0.0000299580
396 0.0000308340
397 0.0000311670
398 0.0000307080
399 0.0000309580
400 0.0000308750
401 0.0000309170
402 0.0000315000
403 0.0000312500
404 0.0000314170
405 0.0000314590
406 0.0000315000
407 0.0000307920
408 0.0000323330
409 0.0000317080
410 0.0000320410
411 0.0000325000
412 0.0000317500
413 0.0000324590
414 0.0000318340
415 0.0000316670
416 0.0000325420
417 0.0000323750
418 0.0000325000
419 0.0000325420
420 0.0000328330
421 0.0000326670
422 0.0000329160
423 0.0000329580
424 0.0000330840
425 0.0000329160
426 0.0000332500
427 0.0000329590
428 0.0000337080
429 0.0000330420
430 0.0000335840
431 0.0000328330
432 0.0000343750
433 0.0000339170
434 0.0000345410
435 0.0000340410
436 0.0000344170
437 0.0000342920
438 0.0000348330
439 0.0000347920
440 0.0000345410
441 0.0000337080
442 0.0000345000
443 0.0000353330
444 0.0000359580
445 0.0000350410
446 0.0000354580
447 0.0000349170
448 0.0000393750
449 0.0000350000
450 0.0000362910
451 0.0000358750
452 0.0000363750
453 0.0000357920
454 0.0000360000
455 0.0000361670
456 0.0000374590
457 0.0000455830
458 0.0000378330
459 0.0000362080
460 0.0000372500
461 0.0000374170
462 0.0000365000
463 0.0000369160
464 0.0000368750
465 0.0000373750
466 0.0000369590
467 0.0000372500
468 0.0000377910
469 0.0000365000
470 0.0000379170
471 0.0000373750
472 0.0000370840
473 0.0000375000
474 0.0000380000
475 0.0000375420
476 0.0000377500
477 0.0000376660
478 0.0000380830
479 0.0000522080
480 0.0000410830
481 0.0000386660
482 0.0000383330
483 0.0000498750
484 0.0000426250
485 0.0000386250
486 0.0000382090
487 0.0000391670
488 0.0000392500
489 0.0000393330
490 0.0000383340
491 0.0000391660
492 0.0000396250
493 0.0000390840
494 0.0000386250
495 0.0000394590
496 0.0000395840
497 0.0000432500
498 0.0000387500
499 0.0000405000
500 0.0000400000
501 0.0000407080
502 0.0000395420
503 0.0000411250
504 0.0000404580
505 0.0000402500
506 0.0000402500
507 0.0000423330
508 0.0000402500
509 0.0000407910
510 0.0000433340
511 0.0000412910
512 0.0000410830
513 0.0000409580
514 0.0000407920
515 0.0000416660
516 0.0000412090
517 0.0000412080
518 0.0000420840
519 0.0000416250
520 0.0000411670
521 0.0000407920
522 0.0000424160
523 0.0000416250
524 0.0000419170
525 0.0000422920
526 0.0000419580
527 0.0000422080
528 0.0000432500
529 0.0000426670
530 0.0000425000
531 0.0000423330
532 0.0000425410
533 0.0000430000
534 0.0000428330
535 0.0000428750
536 0.0000431670
537 0.0000440000
538 0.0000425840
539 0.0000432080
540 0.0000433330
541 0.0000439580
542 0.0000433750
543 0.0000429160
544 0.0000437090
545 0.0000440000
546 0.0000433750
547 0.0000442090
548 0.0000444590
549 0.0000450000
550 0.0000446670
551 0.0000440830
552 0.0000443330
553 0.0000444580
554 0.0000446250
555 0.0000452500
556 0.0000449160
557 0.0000452920
558 0.0000454170
559 0.0000456670
560 0.0000448750
561 0.0000455420
562 0.0000450420
563 0.0000451660
564 0.0000451670
565 0.0000450410
566 0.0000451250
567 0.0000492080
568 0.0000467920
569 0.0000457500
570 0.0000460840
571 0.0000460420
572 0.0000474580
573 0.0000463330
574 0.0000468750
575 0.0000475000
576 0.0000470000
577 0.0000479580
578 0.0000474170
579 0.0000462920
580 0.0000480420
581 0.0000468340
582 0.0000468330
583 0.0000475840
584 0.0000472920
585 0.0000484590
586 0.0000476660
587 0.0000470840
588 0.0000477080
589 0.0000480830
590 0.0000478340
591 0.0000481660
592 0.0000490000
593 0.0000483330
594 0.0000483340
595 0.0000485420
596 0.0000482090
597 0.0000488340
598 0.0000495420
599 0.0000493750
600 0.0000495000
601 0.0000493750
602 0.0000492920
603 0.0000482500
604 0.0000493750
605 0.0000494580
606 0.0000489590
607 0.0000496250
608 0.0000497080
609 0.0000503750
610 0.0000493330
611 0.0000496670
612 0.0000507080
613 0.0000510830
614 0.0000496250
615 0.0000502920
616 0.0000505000
617 0.0000495000
618 0.0000550830
619 0.0000501670
620 0.0000500840
621 0.0000505000
622 0.0000513750
623 0.0000543340
624 0.0000514580
625 0.0000513340
626 0.0000515420
627 0.0000525000
628 0.0000513330
629 0.0000514580
630 0.0000521670
631 0.0000510420
632 0.0000521250
633 0.0000531670
634 0.0000523340
635 0.0000525410
636 0.0000524160
637 0.0000516660
638 0.0000521670
639 0.0000524170
640 0.0000517500
641 0.0000532920
642 0.0000528750
643 0.0000540000
644 0.0000527920
645 0.0000534170
646 0.0000535000
647 0.0000534580
648 0.0000536250
649 0.0000541250
650 0.0000561250
651 0.0000550410
652 0.0000537920
653 0.0000533330
654 0.0000542090
655 0.0000540000
656 0.0000540420
657 0.0000547500
658 0.0000552920
659 0.0000582920
660 0.0000539580
661 0.0000548750
662 0.0000548750
663 0.0000545830
664 0.0000538330
665 0.0000551250
666 0.0000550830
667 0.0000560000
668 0.0000564170
669 0.0000588750
670 0.0000550410
671 0.0000552500
672 0.0000552090
673 0.0000552090
674 0.0000558750
675 0.0000559160
676 0.0000555000
677 0.0000552500
678 0.0000569580
679 0.0000557910
680 0.0000556670
681 0.0000570000
682 0.0000561670
683 0.0000564160
684 0.0000580830
685 0.0000555830
686 0.0000573340
687 0.0000565840
688 0.0000571250
689 0.0000571670
690 0.0000571670
691 0.0000581250
692 0.0000570420
693 0.0000603750
694 0.0000577500
695 0.0000580830
696 0.0000581670
697 0.0000582920
698 0.0000587080
699 0.0000578750
700 0.0000580420
701 0.0000600420
702 0.0000577910
703 0.0000590000
704 0.0000585420
705 0.0000584170
706 0.0000580420
707 0.0000602920
708 0.0000585840
709 0.0000596670
710 0.0000592090
711 0.0000599160
712 0.0000594170
713 0.0000598330
714 0.0000597500
715 0.0000602920
716 0.0000599580
717 0.0000603750
718 0.0000590000
719 0.0000597080
720 0.0000607500
721 0.0000595000
722 0.0000599590
723 0.0000599580
724 0.0000601670
725 0.0000600420
726 0.0000606670
727 0.0000610000
728 0.0000610840
729 0.0000614580
730 0.0000604170
731 0.0000603750
732 0.0000607500
733 0.0000603750
734 0.0000616660
735 0.0000612500
736 0.0000614170
737 0.0000615830
738 0.0000615420
739 0.0000615000
740 0.0000620830
741 0.0000619580
742 0.0000620000
743 0.0000640840
744 0.0000624170
745 0.0000627910
746 0.0000618750
747 0.0000619170
748 0.0000632500
749 0.0000624580
750 0.0000629580
751 0.0000628340
752 0.0000636250
753 0.0000634160
754 0.0000625000
755 0.0000636660
756 0.0000638330
757 0.0000626660
758 0.0000655420
759 0.0000654580
760 0.0000643750
761 0.0000655000
762 0.0000644580
763 0.0000645830
764 0.0000652500
765 0.0000644160
766 0.0000714170
767 0.0000738750
768 0.0000865830
769 0.0000676250
770 0.0000637910
771 0.0000654580
772 0.0000798330
773 0.0000768330
774 0.0000682090
775 0.0000667500
776 0.0000655410
777 0.0000712500
778 0.0000768340
779 0.0000671660
780 0.0000661670
781 0.0000662920
782 0.0000690830
783 0.0000670830
784 0.0000661250
785 0.0000657080
786 0.0000680420
787 0.0000660000
788 0.0000676250
789 0.0000669590
790 0.0000656250
791 0.0000667090
792 0.0000730410
793 0.0000742500
794 0.0000709580
795 0.0000694170
796 0.0000693750
797 0.0000675420
798 0.0000681250
799 0.0000671250
800 0.0000688330
801 0.0000683750
802 0.0000675000
803 0.0000690000
804 0.0000697080
805 0.0000685420
806 0.0000702910
807 0.0000693340
808 0.0000724170
809 0.0000687500
810 0.0000689170
811 0.0000931670
812 0.0000715420
813 0.0000685000
814 0.0000682090
815 0.0000696670
816 0.0000692500
817 0.0000686250
818 0.0000703330
819 0.0000702080
820 0.0000692500
821 0.0000694580
822 0.0000705000
823 0.0000794580
824 0.0000731670
825 0.0000693750
826 0.0000693330
827 0.0000692500
828 0.0000715420
829 0.0000820420
830 0.0000712080
831 0.0000875000
832 0.0000792920
833 0.0000716670
834 0.0000724170
835 0.0000720000
836 0.0000810000
837 0.0000712500
838 0.0000781250
839 0.0000905000
840 0.0000717090
841 0.0000707080
842 0.0000719170
843 0.0000785420
844 0.0000799580
845 0.0000883750
846 0.0000726250
847 0.0000972920
848 0.0000737500
849 0.0000716670
850 0.0000884160
851 0.0000892920
852 0.0000737920
853 0.0001013340
854 0.0000835410
855 0.0000737500
856 0.0000802910
857 0.0000861660
858 0.0000850420
859 0.0000883750
860 0.0000889580
861 0.0000727500
862 0.0000735830
863 0.0000778750
864 0.0000752910
865 0.0000836250
866 0.0000915000
867 0.0000756250
868 0.0000740000
869 0.0000934160
870 0.0000842920
871 0.0000907500
872 0.0000739590
873 0.0000740420
874 0.0000751670
875 0.0000747500
876 0.0000738750
877 0.0000748340
878 0.0000765000
879 0.0000745000
880 0.0000749590
881 0.0000755830
882 0.0000740410
883 0.0000750000
884 0.0000749580
885 0.0000749580
886 0.0000745840
887 0.0000738750
888 0.0000754580
889 0.0000752920
890 0.0000758750
891 0.0000767910
892 0.0000764160
893 0.0000761660
894 0.0000759170
895 0.0000760830
896 0.0000758750
897 0.0000784170
898 0.0000772090
899 0.0000765000
900 0.0000785830
901 0.0000773340
902 0.0000774170
903 0.0000772090
904 0.0000767500
905 0.0000775000
906 0.0000876670
907 0.0000915830
908 0.0000784580
909 0.0000810000
910 0.0000877080
911 0.0000791670
912 0.0000796670
913 0.0000790830
914 0.0000778750
915 0.0000780830
916 0.0000782500
917 0.0000781250
918 0.0000870000
919 0.0000910000
920 0.0000806670
921 0.0000795000
922 0.0000794160
923 0.0000794170
924 0.0000801660
925 0.0000791250
926 0.0000795840
927 0.0000797500
928 0.0000787920
929 0.0000806670
930 0.0000872920
931 0.0000815000
932 0.0000796670
933 0.0000797920
934 0.0000811670
935 0.0000816250
936 0.0000808330
937 0.0000801660
938 0.0000795000
939 0.0000807090
940 0.0000812080
941 0.0000807910
942 0.0000821250
943 0.0000821670
944 0.0000810420
945 0.0000812910
946 0.0000830410
947 0.0000822910
948 0.0000826250
949 0.0000822910
950 0.0000825420
951 0.0000825410
952 0.0000828340
953 0.0000835840
954 0.0000815830
955 0.0000827910
956 0.0000829170
957 0.0000820000
958 0.0000835000
959 0.0000833750
960 0.0000821250
961 0.0000828750
962 0.0000839170
963 0.0000835000
964 0.0000842090
965 0.0000840420
966 0.0000827080
967 0.0000833750
968 0.0000839580
969 0.0000847080
970 0.0000839590
971 0.0000826250
972 0.0000840830
973 0.0000831250
974 0.0000840000
975 0.0000856670
976 0.0000828750
977 0.0000845830
978 0.0000842500
979 0.0000847090
980 0.0000833750
981 0.0000869590
982 0.0000855420
983 0.0000834170
984 0.0000852910
985 0.0000856670
986 0.0000855000
987 0.0000841250
988 0.0000861250
989 0.0000856670
990 0.0000859170
991 0.0000852080
992 0.0000857910
993 0.0000870840
994 0.0000845830
995 0.0000860420
996 0.0000850420
997 0.0000861250
998 0.0000848330
999 0.0000869590
