lomuto:
1 0.0000000000
2 0.0000002500
3 0.0000000830
4 0.0000001250
5 0.0000001250
6 0.0000002500
7 0.0000002500
8 0.0000003340
9 0.0000003750
10 0.0000003330
11 0.0000004170
12 0.0000004580
13 0.0000005000
14 0.0000004170
15 0.0000005830
16 0.0000005420
17 0.0000006250
18 0.0000007500
19 0.0000007080
20 0.0000007080
21 0.0000008750
22 0.0000007920
23 0.0000009170
24 0.0000008340
25 0.0000009590
26 0.0000009580
27 0.0000012090
28 0.0000012080
29 0.0000012080
30 0.0000012920
31 0.0000013330
32 0.0000012910
33 0.0000014170
34 0.0000013750
35 0.0000013330
36 0.0000015420
37 0.0000017090
38 0.0000015000
39 0.0000017080
40 0.0000018330
41 0.0000017920
42 0.0000018750
43 0.0000018340
44 0.0000019580
45 0.0000020830
46 0.0000020000
47 0.0000022500
48 0.0000021670
49 0.0000021660
50 0.0000023330
51 0.0000022080
52 0.0000024160
53 0.0000023330
54 0.0000026250
55 0.0000023330
56 0.0000025420
57 0.0000025000
58 0.0000025000
59 0.0000027500
60 0.0000028330
61 0.0000028340
62 0.0000028330
63 0.0000029590
64 0.0000029590
65 0.0000030410
66 0.0000037080
67 0.0000031250
68 0.0000032920
69 0.0000035410
70 0.0000032920
71 0.0000034170
72 0.0000035410
73 0.0000035000
74 0.0000037080
75 0.0000035830
76 0.0000035000
77 0.0000038340
78 0.0000040840
79 0.0000040420
80 0.0000037920
81 0.0000041250
82 0.0000038750
83 0.0000040840
84 0.0000043330
85 0.0000042080
86 0.0000045830
87 0.0000047920
88 0.0000043340
89 0.0000049170
90 0.0000047500
91 0.0000044580
92 0.0000047090
93 0.0000045830
94 0.0000046250
95 0.0000049580
96 0.0000047920
97 0.0000051250
98 0.0000047090
99 0.0000052500
100 0.0000051670
101 0.0000051250
102 0.0000055830
103 0.0000052500
104 0.0000055420
105 0.0000058750
106 0.0000054170
107 0.0000060830
108 0.0000057920
109 0.0000058330
110 0.0000062500
111 0.0000062090
112 0.0000063750
113 0.0000061670
114 0.0000065840
115 0.0000060830
116 0.0000059170
117 0.0000060410
118 0.0000062500
119 0.0000064580
120 0.0000065420
121 0.0000067500
122 0.0000063330
123 0.0000067500
124 0.0000071670
125 0.0000067920
126 0.0000064580
127 0.0000066660
128 0.0000070000
129 0.0000069580
130 0.0000072920
131 0.0000067500
132 0.0000073750
133 0.0000082090
134 0.0000070000
135 0.0000075420
136 0.0000081660
137 0.0000072500
138 0.0000074170
139 0.0000076670
140 0.0000075830
141 0.0000081250
142 0.0000082080
143 0.0000083750
144 0.0000083340
145 0.0000090000
146 0.0000080420
147 0.0000080830
148 0.0000081670
149 0.0000092080
150 0.0000082920
151 0.0000084580
152 0.0000086250
153 0.0000089170
154 0.0000085830
155 0.0000090000
156 0.0000085840
157 0.0000087500
158 0.0000085830
159 0.0000094590
160 0.0000094160
161 0.0000091250
162 0.0000089160
163 0.0000089590
164 0.0000089590
165 0.0000094170
166 0.0000093750
167 0.0000094590
168 0.0000097080
169 0.0000094580
170 0.0000095840
171 0.0000097500
172 0.0000094590
173 0.0000104580
174 0.0000105830
175 0.0000097500
176 0.0000095000
177 0.0000104580
178 0.0000099590
179 0.0000100830
180 0.0000110000
181 0.0000105830
182 0.0000103750
183 0.0000110000
184 0.0000100830
185 0.0000110410
186 0.0000112080
187 0.0000107910
188 0.0000105000
189 0.0000115000
190 0.0000119590
191 0.0000110410
192 0.0000117080
193 0.0000110830
194 0.0000112080
195 0.0000115830
196 0.0000111660
197 0.0000124170
198 0.0000116250
199 0.0000115000
200 0.0000121250
201 0.0000117500
202 0.0000122500
203 0.0000120000
204 0.0000123330
205 0.0000132920
206 0.0000120000
207 0.0000120000
208 0.0000120420
209 0.0000135420
210 0.0000130000
211 0.0000122920
212 0.0000138340
213 0.0000143330
214 0.0000133330
215 0.0000130410
216 0.0000133340
217 0.0000137920
218 0.0000132910
219 0.0000142500
220 0.0000125000
221 0.0000132500
222 0.0000139160
223 0.0000130000
224 0.0000128750
225 0.0000132500
226 0.0000152920
227 0.0000138340
228 0.0000140420
229 0.0000142920
230 0.0000143330
231 0.0000138340
232 0.0000139170
233 0.0000139170
234 0.0000138330
235 0.0000149160
236 0.0000141250
237 0.0000140000
238 0.0000147090
239 0.0000144580
240 0.0000147500
241 0.0000147090
242 0.0000150830
243 0.0000148340
244 0.0000151660
245 0.0000150830
246 0.0000153330
247 0.0000148330
248 0.0000154170
249 0.0000157920
250 0.0000156660
251 0.0000150410
252 0.0000154160
253 0.0000160420
254 0.0000171670
255 0.0000162500
256 0.0000155000
257 0.0000155830
258 0.0000157080
259 0.0000172500
260 0.0000173340
261 0.0000159160
262 0.0000171670
263 0.0000173340
264 0.0000162080
265 0.0000159580
266 0.0000166250
267 0.0000167500
268 0.0000165420
269 0.0000162500
270 0.0000166670
271 0.0000171250
272 0.0000183750
273 0.0000169170
274 0.0000177080
275 0.0000175000
276 0.0000174590
277 0.0000182080
278 0.0000182910
279 0.0000181250
280 0.0000177500
281 0.0000176250
282 0.0000179580
283 0.0000173750
284 0.0000182910
285 0.0000180830
286 0.0000187500
287 0.0000187920
288 0.0000183340
289 0.0000196670
290 0.0000205420
291 0.0000188340
292 0.0000191250
293 0.0000191670
294 0.0000182500
295 0.0000189170
296 0.0000191660
297 0.0000193330
298 0.0000195420
299 0.0000194580
300 0.0000250410
301 0.0000204580
302 0.0000215000
303 0.0000202090
304 0.0000199160
305 0.0000230410
306 0.0000261250
307 0.0000256670
308 0.0000201250
309 0.0000207080
310 0.0000202910
311 0.0000207910
312 0.0000206670
313 0.0000198340
314 0.0000220420
315 0.0000212920
316 0.0000205410
317 0.0000213750
318 0.0000208340
319 0.0000209160
320 0.0000402500
321 0.0000257080
322 0.0000230410
323 0.0000215830
324 0.0000202920
325 0.0000209580
326 0.0000245420
327 0.0000208750
328 0.0000224590
329 0.0000220000
330 0.0000207920
331 0.0000212920
332 0.0000222500
333 0.0000223750
334 0.0000224580
335 0.0000218330
336 0.0000214170
337 0.0000212080
338 0.0000228750
339 0.0000217920
340 0.0000215420
341 0.0000222080
342 0.0000217090
343 0.0000217500
344 0.0000214170
345 0.0000228750
346 0.0000242080
347 0.0000232500
348 0.0000240420
349 0.0000227090
350 0.0000226250
351 0.0000240420
352 0.0000226670
353 0.0000272080
354 0.0000237080
355 0.0000247080
356 0.0000235000
357 0.0000242080
358 0.0000244580
359 0.0000241670
360 0.0000242080
361 0.0000233750
362 0.0000242090
363 0.0000245000
364 0.0000247910
365 0.0000240830
366 0.0000244590
367 0.0000258750
368 0.0000249580
369 0.0000242500
370 0.0000257080
371 0.0000250830
372 0.0000254580
373 0.0000257080
374 0.0000258750
375 0.0000261660
376 0.0000260000
377 0.0000252920
378 0.0000245410
379 0.0000259580
380 0.0000258340
381 0.0000262090
382 0.0000308340
383 0.0000286670
384 0.0000378330
385 0.0000278330
386 0.0000252500
387 0.0000261670
388 0.0000268340
389 0.0000255410
390 0.0000270830
391 0.0000270420
392 0.0000255420
393 0.0000255830
394 0.0000266250
395 0.0000269580
396 0.0000264580
397 0.0000277910
398 0.0000264580
399 0.0000265420
400 0.0000264580
401 0.0000273750
402 0.0000272500
403 0.0000270000
404 0.0000279170
405 0.0000269580
406 0.0000297920
407 0.0000276660
408 0.0000292500
409 0.0000287090
410 0.0000293340
411 0.0000283750
412 0.0000282080
413 0.0000290420
414 0.0000284160
415 0.0000290830
416 0.0000278330
417 0.0000282090
418 0.0000285830
419 0.0000290420
420 0.0000300420
421 0.0000296670
422 0.0000282910
423 0.0000297500
424 0.0000300420
425 0.0000291250
426 0.0000305000
427 0.0000295000
428 0.0000316250
429 0.0000302500
430 0.0000300420
431 0.0000291250
432 0.0000293340
433 0.0000299590
434 0.0000306250
435 0.0000336670
436 0.0000318330
437 0.0000312920
438 0.0000308750
439 0.0000301250
440 0.0000314170
441 0.0000307920
442 0.0000302090
443 0.0000302910
444 0.0000300420
445 0.0000312500
446 0.0000311670
447 0.0000307090
448 0.0000315420
449 0.0000308340
450 0.0000307920
451 0.0000314160
452 0.0000367090
453 0.0000325000
454 0.0000318750
455 0.0000336660
456 0.0000342910
457 0.0000325000
458 0.0000326250
459 0.0000348330
460 0.0000333340
461 0.0000324170
462 0.0000311250
463 0.0000337910
464 0.0000338750
465 0.0000324160
466 0.0000331670
467 0.0000315420
468 0.0000341250
469 0.0000322500
470 0.0000332080
471 0.0000325000
472 0.0000319160
473 0.0000332080
474 0.0000340830
475 0.0000336670
476 0.0000348340
477 0.0000354580
478 0.0000329160
479 0.0000334160
480 0.0000335830
481 0.0000334170
482 0.0000340420
483 0.0000330000
484 0.0000353330
485 0.0000377920
486 0.0000348340
487 0.0000332080
488 0.0000340420
489 0.0000342080
490 0.0000339170
491 0.0000349170
492 0.0000341670
493 0.0000340420
494 0.0000345830
495 0.0000347500
496 0.0000353330
497 0.0000353750
498 0.0000343330
499 0.0000355830
500 0.0000355410
501 0.0000368330
502 0.0000349170
503 0.0000347500
504 0.0000344590
505 0.0000358750
506 0.0000344170
507 0.0000348330
508 0.0000356660
509 0.0000347080
510 0.0000355830
511 0.0000359590
512 0.0000393750
513 0.0000360830
514 0.0000378750
515 0.0000360000
516 0.0000351670
517 0.0000353750
518 0.0000373330
519 0.0000363750
520 0.0000376670
521 0.0000356660
522 0.0000364580
523 0.0000412090
524 0.0000397500
525 0.0000396250
526 0.0000397080
527 0.0000433340
528 0.0000400000
529 0.0000392080
530 0.0000402080
531 0.0000373330
532 0.0000383330
533 0.0000391250
534 0.0000380000
535 0.0000384590
536 0.0000384580
537 0.0000389170
538 0.0000447500
539 0.0000398750
540 0.0000381670
541 0.0000434170
542 0.0000541660
543 0.0000426250
544 0.0000365000
545 0.0000366250
546 0.0000353750
547 0.0000380420
548 0.0000359170
549 0.0000378340
550 0.0000370420
551 0.0000366250
552 0.0000370000
553 0.0000372910
554 0.0000367080
555 0.0000399160
556 0.0000394170
557 0.0000405420
558 0.0000379580
559 0.0000376250
560 0.0000395830
561 0.0000386670
562 0.0000407080
563 0.0000416250
564 0.0000387500
565 0.0000461670
566 0.0000412080
567 0.0000409580
568 0.0000412920
569 0.0000482500
570 0.0000537080
571 0.0000395410
572 0.0000375830
573 0.0000407500
574 0.0000392080
575 0.0000407080
576 0.0000411250
577 0.0000389170
578 0.0000402500
579 0.0000401670
580 0.0000406250
581 0.0000419590
582 0.0000398750
583 0.0000391670
584 0.0000415420
585 0.0000398340
586 0.0000382920
587 0.0000399580
588 0.0000405000
589 0.0000398750
590 0.0000395000
591 0.0000414160
592 0.0000435420
593 0.0000422080
594 0.0000409580
595 0.0000436670
596 0.0000396250
597 0.0000404170
598 0.0000405830
599 0.0000415840
600 0.0000423340
601 0.0000400000
602 0.0000413340
603 0.0000404590
604 0.0000409590
605 0.0000413330
606 0.0000420000
607 0.0000422500
608 0.0000430840
609 0.0000422090
610 0.0000427920
611 0.0000450000
612 0.0000416250
613 0.0000432080
614 0.0000415000
615 0.0000423330
616 0.0000433750
617 0.0000415000
618 0.0000417500
619 0.0000425420
620 0.0000425840
621 0.0000465000
622 0.0000445410
623 0.0000410000
624 0.0000432910
625 0.0000429160
626 0.0000433340
627 0.0000430830
628 0.0000435000
629 0.0000441670
630 0.0000428750
631 0.0000428750
632 0.0000443330
633 0.0000442080
634 0.0000472500
635 0.0000464580
636 0.0000434580
637 0.0000452910
638 0.0000438340
639 0.0000455420
640 0.0000455830
641 0.0000442080
642 0.0000422080
643 0.0000443330
644 0.0000450420
645 0.0000451670
646 0.0000453340
647 0.0000454580
648 0.0000446660
649 0.0000471250
650 0.0000457920
651 0.0000462500
652 0.0000446670
653 0.0000457500
654 0.0000459160
655 0.0000472500
656 0.0000464580
657 0.0000452910
658 0.0000470830
659 0.0000472500
660 0.0000458340
661 0.0000455420
662 0.0000471660
663 0.0000460410
664 0.0000470420
665 0.0000457920
666 0.0000462080
667 0.0000488750
668 0.0000466670
669 0.0000451250
670 0.0000461670
671 0.0000471250
672 0.0000472920
673 0.0000461660
674 0.0000468340
675 0.0000501250
676 0.0000476250
677 0.0000463750
678 0.0000486670
679 0.0000515420
680 0.0000504590
681 0.0000495840
682 0.0000480420
683 0.0000482080
684 0.0000489170
685 0.0000471670
686 0.0000468330
687 0.0000475000
688 0.0000480000
689 0.0000485410
690 0.0000483750
691 0.0000471670
692 0.0000481670
693 0.0000487920
694 0.0000495410
695 0.0000533750
696 0.0000480000
697 0.0000506660
698 0.0000487500
699 0.0000484590
700 0.0000497080
701 0.0000493340
702 0.0000488330
703 0.0000520000
704 0.0000494580
705 0.0000500000
706 0.0000510000
707 0.0000502920
708 0.0000510000
709 0.0000515000
710 0.0000489580
711 0.0000497920
712 0.0000492080
713 0.0000500830
714 0.0000509580
715 0.0000515840
716 0.0000510000
717 0.0000533750
718 0.0000492500
719 0.0000507080
720 0.0000526660
721 0.0000557080
722 0.0000508750
723 0.0000524590
724 0.0000504160
725 0.0000524590
726 0.0000515420
727 0.0000501250
728 0.0000515420
729 0.0000574580
730 0.0000511660
731 0.0000515830
732 0.0000562500
733 0.0000501670
734 0.0000507080
735 0.0000514590
736 0.0000534580
737 0.0000521670
738 0.0000522500
739 0.0000522920
740 0.0000538340
741 0.0000562080
742 0.0000557500
743 0.0000636670
744 0.0000688750
745 0.0000558340
746 0.0000556250
747 0.0000558750
748 0.0000553330
749 0.0000603330
750 0.0000572080
751 0.0000546250
752 0.0000556670
753 0.0000575830
754 0.0000572500
755 0.0000557090
756 0.0000567920
757 0.0000577500
758 0.0000582500
759 0.0000592920
760 0.0000575420
761 0.0000587500
762 0.0000597080
763 0.0000574580
764 0.0000584170
765 0.0000602500
766 0.0000620840
767 0.0000567080
768 0.0000600410
769 0.0000611250
770 0.0000576660
771 0.0000610000
772 0.0000562080
773 0.0000612080
774 0.0000572500
775 0.0000584170
776 0.0000571670
777 0.0000581660
778 0.0000597910
779 0.0000585000
780 0.0000574580
781 0.0000593750
782 0.0000605830
783 0.0000596250
784 0.0000594580
785 0.0000578750
786 0.0000572910
787 0.0000599160
788 0.0000604170
789 0.0000602080
790 0.0000590830
791 0.0000631250
792 0.0000586660
793 0.0000605000
794 0.0000599580
795 0.0000685420
796 0.0000626670
797 0.0000645840
798 0.0000654590
799 0.0000595000
800 0.0000690840
801 0.0000606250
802 0.0000638750
803 0.0000640000
804 0.0000734580
805 0.0000620000
806 0.0000750410
807 0.0000607500
808 0.0000620830
809 0.0000631670
810 0.0000616670
811 0.0000629590
812 0.0000623330
813 0.0000637080
814 0.0000627090
815 0.0000733330
816 0.0000654580
817 0.0000758750
818 0.0000610000
819 0.0000632500
820 0.0000643330
821 0.0001021670
822 0.0000813330
823 0.0000862910
824 0.0000832080
825 0.0000744580
826 0.0000774580
827 0.0000794580
828 0.0000918750
829 0.0000618750
830 0.0000635000
831 0.0000672910
832 0.0000660840
833 0.0000640840
834 0.0000752500
835 0.0000648750
836 0.0000614580
837 0.0000592500
838 0.0000661250
839 0.0000625830
840 0.0000613330
841 0.0000608750
842 0.0000622500
843 0.0000626670
844 0.0000616250
845 0.0000671660
846 0.0000612090
847 0.0000626660
848 0.0000614170
849 0.0000620410
850 0.0000615830
851 0.0000646250
852 0.0000604590
853 0.0000634590
854 0.0000618750
855 0.0000626250
856 0.0000642080
857 0.0000629590
858 0.0000617500
859 0.0000629580
860 0.0000625830
861 0.0000605410
862 0.0000614170
863 0.0000650840
864 0.0000640000
865 0.0000634170
866 0.0000656670
867 0.0000628750
868 0.0000621670
869 0.0000658750
870 0.0000632080
871 0.0000645000
872 0.0000625000
873 0.0000656250
874 0.0000632080
875 0.0000641250
876 0.0000649590
877 0.0000631670
878 0.0000665830
879 0.0000664170
880 0.0000647080
881 0.0000658340
882 0.0000679160
883 0.0000659170
884 0.0000632090
885 0.0000680830
886 0.0000674170
887 0.0000677080
888 0.0000634170
889 0.0000656660
890 0.0000650420
891 0.0000651250
892 0.0000652500
893 0.0000654170
894 0.0000670420
895 0.0000664170
896 0.0000661660
897 0.0000672080
898 0.0000675000
899 0.0000640840
900 0.0000687500
901 0.0000658330
902 0.0000667920
903 0.0000659580
904 0.0000672920
905 0.0000686250
906 0.0000689170
907 0.0000668340
908 0.0000667500
909 0.0000700420
910 0.0000694170
911 0.0000701250
912 0.0000652910
913 0.0000679160
914 0.0000688750
915 0.0000660840
916 0.0000680420
917 0.0000687920
918 0.0000666250
919 0.0000707090
920 0.0000679170
921 0.0000667920
922 0.0000672920
923 0.0000668750
924 0.0000716250
925 0.0000661250
926 0.0000685420
927 0.0000771670
928 0.0000683750
929 0.0000689580
930 0.0000691250
931 0.0000718330
932 0.0000671660
933 0.0000696670
934 0.0000685420
935 0.0000683750
936 0.0000711670
937 0.0000762500
938 0.0000707080
939 0.0000690830
940 0.0000685830
941 0.0000681670
942 0.0000742090
943 0.0000692910
944 0.0000698330
945 0.0000707500
946 0.0000755830
947 0.0000723340
948 0.0000695830
949 0.0000705000
950 0.0000745840
951 0.0000708340
952 0.0000709590
953 0.0000710830
954 0.0000725840
955 0.0000704160
956 0.0000694170
957 0.0000715420
958 0.0000737500
959 0.0000696250
960 0.0000713750
961 0.0000737090
962 0.0000716670
963 0.0000719170
964 0.0000710420
965 0.0000734580
966 0.0000720420
967 0.0000742090
968 0.0000722910
969 0.0000743330
970 0.0000732080
971 0.0000709170
972 0.0000735840
973 0.0000723330
974 0.0000737500
975 0.0000711660
976 0.0000697090
977 0.0000699580
978 0.0000873330
979 0.0000929160
980 0.0000722920
981 0.0000726670
982 0.0000845840
983 0.0000855830
984 0.0000754160
985 0.0000759590
986 0.0000785830
987 0.0000734160
988 0.0000799590
989 0.0000799590
990 0.0000748330
991 0.0000841250
992 0.0000815410
993 0.0000735420
994 0.0000741660
995 0.0000751250
996 0.0000762920
997 0.0000760000
998 0.0000742500
999 0.0000781250

hoare:
1 0.0000002500
2 0.0000000840
3 0.0000001250
4 0.0000001250
5 0.0000001670
6 0.0000001660
7 0.0000002080
8 0.0000002910
9 0.0000003750
10 0.0000004170
11 0.0000004170
12 0.0000005840
13 0.0000005000
14 0.0000005830
15 0.0000007500
16 0.0000007500
17 0.0000008330
18 0.0000007910
19 0.0000007500
20 0.0000009170
21 0.0000010420
22 0.0000011250
23 0.0000011250
24 0.0000012500
25 0.0000012080
26 0.0000012500
27 0.0000013340
28 0.0000014580
29 0.0000015000
30 0.0000016250
31 0.0000017080
32 0.0000017500
33 0.0000017090
34 0.0000017080
35 0.0000017500
36 0.0000020000
37 0.0000020410
38 0.0000018750
39 0.0000021250
40 0.0000020830
41 0.0000022080
42 0.0000020840
43 0.0000022500
44 0.0000022920
45 0.0000024170
46 0.0000025000
47 0.0000025410
48 0.0000026670
49 0.0000027080
50 0.0000028330
51 0.0000028330
52 0.0000029160
53 0.0000028340
54 0.0000028330
55 0.0000030000
56 0.0000031250
57 0.0000032500
58 0.0000033340
59 0.0000032500
60 0.0000037080
61 0.0000035410
62 0.0000036250
63 0.0000035420
64 0.0000035420
65 0.0000037500
66 0.0000037090
67 0.0000037500
68 0.0000038750
69 0.0000040000
70 0.0000038750
71 0.0000042500
72 0.0000043750
73 0.0000041670
74 0.0000042090
75 0.0000044170
76 0.0000044580
77 0.0000045000
78 0.0000046670
79 0.0000047080
80 0.0000047500
81 0.0000046250
82 0.0000049160
83 0.0000049160
84 0.0000050830
85 0.0000051250
86 0.0000052500
87 0.0000052090
88 0.0000053340
89 0.0000054580
90 0.0000056250
91 0.0000057080
92 0.0000055000
93 0.0000056660
94 0.0000058340
95 0.0000056670
96 0.0000059160
97 0.0000058330
98 0.0000060420
99 0.0000058330
100 0.0000060830
101 0.0000061250
102 0.0000065410
103 0.0000064580
104 0.0000063750
105 0.0000065410
106 0.0000064580
107 0.0000068340
108 0.0000067500
109 0.0000068750
110 0.0000064590
111 0.0000070420
112 0.0000068330
113 0.0000068330
114 0.0000069580
115 0.0000072500
116 0.0000072500
117 0.0000071670
118 0.0000072920
119 0.0000071250
120 0.0000073750
121 0.0000075000
122 0.0000078330
123 0.0000080000
124 0.0000076670
125 0.0000077920
126 0.0000081670
127 0.0000080840
128 0.0000085000
129 0.0000080420
130 0.0000084170
131 0.0000083750
132 0.0000087080
133 0.0000082500
134 0.0000082910
135 0.0000088330
136 0.0000087080
137 0.0000088750
138 0.0000087920
139 0.0000086670
140 0.0000090410
141 0.0000095000
142 0.0000091670
143 0.0000093750
144 0.0000092500
145 0.0000097920
146 0.0000097920
147 0.0000096250
148 0.0000096660
149 0.0000099580
150 0.0000096250
151 0.0000097500
152 0.0000095420
153 0.0000097500
154 0.0000099160
155 0.0000101660
156 0.0000103750
157 0.0000100830
158 0.0000105410
159 0.0000102500
160 0.0000106250
161 0.0000105000
162 0.0000106250
163 0.0000107500
164 0.0000107500
165 0.0000109580
166 0.0000107080
167 0.0000114580
168 0.0000115000
169 0.0000114170
170 0.0000111660
171 0.0000112920
172 0.0000109580
173 0.0000112500
174 0.0000114170
175 0.0000112080
176 0.0000119170
177 0.0000119170
178 0.0000117500
179 0.0000117080
180 0.0000120830
181 0.0000118750
182 0.0000119170
183 0.0000123750
184 0.0000120000
185 0.0000122910
186 0.0000124580
187 0.0000126250
188 0.0000126250
189 0.0000127500
190 0.0000133330
191 0.0000128750
192 0.0000127500
193 0.0000129170
194 0.0000131670
195 0.0000130000
196 0.0000134580
197 0.0000134160
198 0.0000135830
199 0.0000132910
200 0.0000133330
201 0.0000135420
202 0.0000136660
203 0.0000138330
204 0.0000136670
205 0.0000138330
206 0.0000140420
207 0.0000140420
208 0.0000145000
209 0.0000145000
210 0.0000145840
211 0.0000146660
212 0.0000142920
213 0.0000142500
214 0.0000145830
215 0.0000147500
216 0.0000152500
217 0.0000149590
218 0.0000149580
219 0.0000151670
220 0.0000151250
221 0.0000154170
222 0.0000155000
223 0.0000151660
224 0.0000152090
225 0.0000161670
226 0.0000156660
227 0.0000155000
228 0.0000161250
229 0.0000160420
230 0.0000158750
231 0.0000160000
232 0.0000160830
233 0.0000164170
234 0.0000162920
235 0.0000162090
236 0.0000163750
237 0.0000159170
238 0.0000165830
239 0.0000172910
240 0.0000173330
241 0.0000168330
242 0.0000167920
243 0.0000170420
244 0.0000170840
245 0.0000170420
246 0.0000171250
247 0.0000176670
248 0.0000173750
249 0.0000177500
250 0.0000177920
251 0.0000177500
252 0.0000172910
253 0.0000176250
254 0.0000176670
255 0.0000178750
256 0.0000185000
257 0.0000184590
258 0.0000180000
259 0.0000179580
260 0.0000184580
261 0.0000195840
262 0.0000184590
263 0.0000178330
264 0.0000185000
265 0.0000188750
266 0.0000185000
267 0.0000188750
268 0.0000188750
269 0.0000189170
270 0.0000194580
271 0.0000196670
272 0.0000190840
273 0.0000196670
274 0.0000198330
275 0.0000200840
276 0.0000192500
277 0.0000200000
278 0.0000190420
279 0.0000198340
280 0.0000196670
281 0.0000195420
282 0.0000202080
283 0.0000200830
284 0.0000196670
285 0.0000203340
286 0.0000200840
287 0.0000203340
288 0.0000206250
289 0.0000212500
290 0.0000211670
291 0.0000213330
292 0.0000208340
293 0.0000207910
294 0.0000210420
295 0.0000212500
296 0.0000217500
297 0.0000219170
298 0.0000210840
299 0.0000222090
300 0.0000215830
301 0.0000217500
302 0.0000221670
303 0.0000217080
304 0.0000218750
305 0.0000220000
306 0.0000220000
307 0.0000227500
308 0.0000224590
309 0.0000227090
310 0.0000221660
311 0.0000224170
312 0.0000227500
313 0.0000236670
314 0.0000223750
315 0.0000226250
316 0.0000227500
317 0.0000225830
318 0.0000232080
319 0.0000245420
320 0.0000232080
321 0.0000240830
322 0.0000237500
323 0.0000227500
324 0.0000236660
325 0.0000232080
326 0.0000238330
327 0.0000234170
328 0.0000282920
329 0.0000347090
330 0.0000350410
331 0.0000342500
332 0.0000430000
333 0.0000352910
334 0.0000359170
335 0.0000360000
336 0.0000363340
337 0.0000347920
338 0.0000361660
339 0.0000330830
340 0.0000255000
341 0.0000250840
342 0.0000257500
343 0.0000258330
344 0.0000254170
345 0.0000259580
346 0.0000272500
347 0.0000258340
348 0.0000256670
349 0.0000264170
350 0.0000261250
351 0.0000262920
352 0.0000257500
353 0.0000265410
354 0.0000257910
355 0.0000257920
356 0.0000272920
357 0.0000387090
358 0.0000265000
359 0.0000274170
360 0.0000288330
361 0.0000267080
362 0.0000276660
363 0.0000277090
364 0.0000277080
365 0.0000277910
366 0.0000270000
367 0.0000279580
368 0.0000277500
369 0.0000278750
370 0.0000272090
371 0.0000280420
372 0.0000276670
373 0.0000275410
374 0.0000297090
375 0.0000283340
376 0.0000272920
377 0.0000286250
378 0.0000291250
379 0.0000282080
380 0.0000287500
381 0.0000405000
382 0.0000287920
383 0.0000284580
384 0.0000289170
385 0.0000287910
386 0.0000289170
387 0.0000290830
388 0.0000289160
389 0.0000295000
390 0.0000291250
391 0.0000297080
392 0.0000297500
393 0.0000306670
394 0.0000294170
395 0.0000299170
396 0.0000305000
397 0.0000299170
398 0.0000296250
399 0.0000311250
400 0.0000302090
401 0.0000305840
402 0.0000309170
403 0.0000303340
404 0.0000304580
405 0.0000310420
406 0.0000306250
407 0.0000310410
408 0.0000306670
409 0.0000310000
410 0.0000307090
411 0.0000407080
412 0.0000313330
413 0.0000308330
414 0.0000319590
415 0.0000310840
416 0.0000314170
417 0.0000461250
418 0.0000412910
419 0.0000418750
420 0.0000325830
421 0.0000310840
422 0.0000326250
423 0.0000317080
424 0.0000325000
425 0.0000322080
426 0.0000360840
427 0.0000326670
428 0.0000325830
429 0.0000324580
430 0.0000327500
431 0.0000325830
432 0.0000330420
433 0.0000330420
434 0.0000332080
435 0.0000328750
436 0.0000332500
437 0.0000332500
438 0.0000334580
439 0.0000330000
440 0.0000342090
441 0.0000336250
442 0.0000332080
443 0.0000337920
444 0.0000337080
445 0.0000334590
446 0.0000344580
447 0.0000342910
448 0.0000344580
449 0.0000335000
450 0.0000342500
451 0.0000349170
452 0.0000348750
453 0.0000346670
454 0.0000349160
455 0.0000381660
456 0.0000349170
457 0.0000343750
458 0.0000352910
459 0.0000352910
460 0.0000346250
461 0.0000348330
462 0.0000352920
463 0.0000358750
464 0.0000348330
465 0.0000360000
466 0.0000358330
467 0.0000360000
468 0.0000364590
469 0.0000359170
470 0.0000362500
471 0.0000632500
472 0.0000361670
473 0.0000367500
474 0.0000367910
475 0.0000364590
476 0.0000377500
477 0.0000369170
478 0.0000369170
479 0.0000366670
480 0.0000370420
481 0.0000373330
482 0.0000367080
483 0.0000389580
484 0.0000380830
485 0.0000380000
486 0.0000371670
487 0.0000376660
488 0.0000377090
489 0.0000381670
490 0.0000383750
491 0.0000378340
492 0.0000381250
493 0.0000368330
494 0.0000391660
495 0.0000385000
496 0.0000381250
497 0.0000387920
498 0.0000388330
499 0.0000391660
500 0.0000382910
501 0.0000381670
502 0.0000390410
503 0.0000392500
504 0.0000391250
505 0.0000385420
506 0.0000400000
507 0.0000390830
508 0.0000401670
509 0.0000398330
510 0.0000402920
511 0.0000397920
512 0.0000394170
513 0.0000400830
514 0.0000414580
515 0.0000400830
516 0.0000410000
517 0.0000407910
518 0.0000402080
519 0.0000406660
520 0.0000412090
521 0.0000418330
522 0.0000402500
523 0.0000406670
524 0.0000409590
525 0.0000414170
526 0.0000412920
527 0.0000406250
528 0.0000407500
529 0.0000412090
530 0.0000410420
531 0.0000412910
532 0.0000422920
533 0.0000420000
534 0.0000460830
535 0.0000411250
536 0.0000413750
537 0.0000422080
538 0.0000415420
539 0.0000423340
540 0.0000434170
541 0.0000421670
542 0.0000420410
543 0.0000429170
544 0.0000425410
545 0.0000428750
546 0.0000431660
547 0.0000435830
548 0.0000422920
549 0.0000427920
550 0.0000423750
551 0.0000435830
552 0.0000439170
553 0.0000427500
554 0.0000439590
555 0.0000429590
556 0.0000433330
557 0.0000442500
558 0.0000446670
559 0.0000443330
560 0.0000438330
561 0.0000440840
562 0.0000447080
563 0.0000446670
564 0.0000440000
565 0.0000435840
566 0.0000443750
567 0.0000441660
568 0.0000448340
569 0.0000457910
570 0.0000459580
571 0.0000451250
572 0.0000455000
573 0.0000446250
574 0.0000486660
575 0.0000459580
576 0.0000452500
577 0.0000453750
578 0.0000455000
579 0.0000445410
580 0.0000456250
581 0.0000448750
582 0.0000458330
583 0.0000500000
584 0.0000462920
585 0.0000465000
586 0.0000462920
587 0.0000472910
588 0.0000470830
589 0.0000461250
590 0.0000468330
591 0.0000473750
592 0.0000472080
593 0.0000467910
594 0.0000494160
595 0.0000507080
596 0.0000473340
597 0.0000482500
598 0.0000470410
599 0.0000490830
600 0.0000476660
601 0.0000477080
602 0.0000471660
603 0.0000482920
604 0.0000474170
605 0.0000486670
606 0.0000487500
607 0.0000481660
608 0.0000488330
609 0.0000475420
610 0.0000493750
611 0.0000501670
612 0.0000487920
613 0.0000618330
614 0.0000529590
615 0.0000646250
616 0.0000513750
617 0.0000497500
618 0.0000500000
619 0.0000494170
620 0.0000496670
621 0.0000500410
622 0.0000498330
623 0.0000656250
624 0.0000548750
625 0.0000499580
626 0.0000505000
627 0.0000486660
628 0.0000503750
629 0.0000502920
630 0.0000493750
631 0.0000493340
632 0.0000502080
633 0.0000511250
634 0.0000504590
635 0.0000496670
636 0.0000505830
637 0.0000510410
638 0.0000520830
639 0.0000507920
640 0.0000516670
641 0.0000508750
642 0.0000522910
643 0.0000510830
644 0.0000512500
645 0.0000514170
646 0.0000514580
647 0.0000523750
648 0.0000514580
649 0.0000508340
650 0.0000531250
651 0.0000514160
652 0.0000538750
653 0.0000518750
654 0.0000529580
655 0.0000529580
656 0.0000530000
657 0.0000539580
658 0.0000522500
659 0.0000523330
660 0.0000522500
661 0.0000609580
662 0.0000550410
663 0.0000534160
664 0.0000535830
665 0.0000712080
666 0.0000582500
667 0.0000545840
668 0.0000543330
669 0.0000534580
670 0.0000542500
671 0.0000574580
672 0.0000533750
673 0.0000547500
674 0.0000546250
675 0.0000538330
676 0.0000536670
677 0.0000538750
678 0.0000542910
679 0.0000550420
680 0.0000553750
681 0.0000542920
682 0.0000558750
683 0.0000535410
684 0.0000567920
685 0.0000555000
686 0.0000550840
687 0.0000592910
688 0.0000548750
689 0.0000592910
690 0.0000564170
691 0.0000552920
692 0.0000550000
693 0.0000554590
694 0.0000560000
695 0.0000570420
696 0.0000568750
697 0.0000555000
698 0.0000559160
699 0.0000566660
700 0.0000561660
701 0.0000576660
702 0.0000562090
703 0.0000577080
704 0.0000575420
705 0.0000578750
706 0.0000575000
707 0.0000574170
708 0.0000625410
709 0.0000665420
710 0.0000631250
711 0.0000641670
712 0.0000636670
713 0.0000630000
714 0.0000644170
715 0.0000631250
716 0.0000633750
717 0.0000639160
718 0.0000643330
719 0.0000630000
720 0.0000632910
721 0.0000642500
722 0.0000625830
723 0.0000642920
724 0.0000650830
725 0.0000651670
726 0.0000655830
727 0.0000667090
728 0.0000647910
729 0.0000642080
730 0.0000642500
731 0.0000655830
732 0.0000643750
733 0.0000658330
734 0.0000649580
735 0.0000657080
736 0.0000659580
737 0.0000645830
738 0.0000656250
739 0.0000668750
740 0.0000656670
741 0.0000663330
742 0.0000660420
743 0.0000666670
744 0.0000665830
745 0.0000644590
746 0.0000661660
747 0.0000662090
748 0.0000659580
749 0.0000667500
750 0.0000667920
751 0.0000659580
752 0.0000679170
753 0.0000671670
754 0.0000689170
755 0.0000694160
756 0.0000670000
757 0.0000671660
758 0.0000689170
759 0.0000688340
760 0.0000687500
761 0.0000688330
762 0.0000683330
763 0.0000696670
764 0.0000686250
765 0.0000675420
766 0.0000671670
767 0.0000691660
768 0.0000691250
769 0.0000706670
770 0.0000689170
771 0.0000687500
772 0.0000706250
773 0.0000700420
774 0.0000699160
775 0.0000691250
776 0.0000700000
777 0.0000695830
778 0.0000704160
779 0.0000718750
780 0.0000693750
781 0.0000700830
782 0.0000709580
783 0.0000697500
784 0.0000715420
785 0.0000707080
786 0.0000708330
787 0.0000722080
788 0.0000714590
789 0.0000696250
790 0.0000714580
791 0.0000705000
792 0.0000713330
793 0.0000717500
794 0.0000739580
795 0.0000728750
796 0.0000709580
797 0.0000724580
798 0.0000726670
799 0.0000729580
800 0.0000727080
801 0.0000718750
802 0.0000715420
803 0.0000736660
804 0.0000718750
805 0.0000717090
806 0.0000726670
807 0.0000732500
808 0.0000726660
809 0.0000720000
810 0.0000752910
811 0.0000724580
812 0.0000720830
813 0.0000735000
814 0.0000759170
815 0.0000720830
816 0.0000720410
817 0.0000742910
818 0.0000742910
819 0.0000736670
820 0.0000760420
821 0.0000745410
822 0.0000741250
823 0.0000746670
824 0.0000757500
825 0.0000767500
826 0.0000760420
827 0.0000751660
828 0.0000755420
829 0.0000747500
830 0.0000751670
831 0.0000762080
832 0.0000755830
833 0.0000755410
834 0.0000739580
835 0.0000773330
836 0.0000739160
837 0.0000770420
838 0.0000754170
839 0.0000753330
840 0.0000740840
841 0.0000768340
842 0.0000753330
843 0.0000759590
844 0.0000761660
845 0.0000893330
846 0.0000791250
847 0.0000777500
848 0.0000758340
849 0.0000773750
850 0.0000767500
851 0.0000770000
852 0.0000769580
853 0.0000764170
854 0.0000777910
855 0.0000784590
856 0.0000791250
857 0.0000780830
858 0.0000798330
859 0.0000777920
860 0.0000770420
861 0.0000773750
862 0.0000775420
863 0.0000777500
864 0.0000798750
865 0.0000786250
866 0.0000778750
867 0.0000787500
868 0.0000794580
869 0.0000781250
870 0.0000792080
871 0.0000801250
872 0.0000790000
873 0.0000791250
874 0.0000795420
875 0.0000800840
876 0.0000774580
877 0.0000803330
878 0.0000812500
879 0.0000798330
880 0.0000788330
881 0.0000807910
882 0.0000795420
883 0.0000809170
884 0.0000806250
885 0.0000814580
886 0.0000806250
887 0.0000820830
888 0.0000813330
889 0.0000814590
890 0.0000817500
891 0.0000811250
892 0.0000823340
893 0.0000819580
894 0.0000799170
895 0.0000807500
896 0.0000827910
897 0.0000801250
898 0.0000815420
899 0.0000822500
900 0.0000816670
901 0.0000829580
902 0.0000824170
903 0.0000832080
904 0.0000820420
905 0.0000822080
906 0.0000828750
907 0.0000821250
908 0.0000828330
909 0.0000857080
910 0.0000819590
911 0.0000826250
912 0.0000833330
913 0.0000835830
914 0.0000841250
915 0.0000839160
916 0.0000843330
917 0.0000821250
918 0.0000840420
919 0.0000832500
920 0.0000844170
921 0.0000887090
922 0.0000812080
923 0.0000896660
924 0.0001094590
925 0.0000817910
926 0.0000815840
927 0.0000820420
928 0.0000831670
929 0.0000818750
930 0.0000816250
931 0.0000817080
932 0.0000819590
933 0.0000826250
934 0.0000811250
935 0.0000835840
936 0.0000819170
937 0.0000809170
938 0.0000942920
939 0.0000932910
940 0.0000827920
941 0.0000829170
942 0.0000837500
943 0.0000840420
944 0.0000848330
945 0.0000906250
946 0.0000986250
947 0.0000934170
948 0.0000894160
949 0.0000879580
950 0.0000855410
951 0.0000879170
952 0.0000888330
953 0.0000896250
954 0.0000869590
955 0.0000898750
956 0.0000909170
957 0.0000887910
958 0.0000914580
959 0.0000890420
960 0.0000891250
961 0.0000867910
962 0.0000898750
963 0.0000880000
964 0.0000903750
965 0.0000875000
966 0.0000938750
967 0.0000890830
968 0.0000892920
969 0.0000895410
970 0.0000897920
971 0.0000895000
972 0.0000886250
973 0.0000915840
974 0.0000881660
975 0.0000911250
976 0.0000907500
977 0.0000911250
978 0.0000895840
979 0.0000911670
980 0.0000890830
981 0.0000914580
982 0.0000906250
983 0.0000910000
984 0.0000916660
985 0.0000905000
986 0.0000906250
987 0.0000899170
988 0.0000900420
989 0.0000904170
990 0.0000898330
991 0.0000907080
992 0.0000952080
993 0.0000920000
994 0.0000917920
995 0.0000920410
996 0.0000920420
997 0.0000940000
998 0.0000912920
999 0.0000910410

median:
1 0.0000000420
2 0.0000002090
3 0.0000002080
4 0.0000001670
5 0.0000001670
6 0.0000002500
7 0.0000003750
8 0.0000003330
9 0.0000003750
10 0.0000005410
11 0.0000007080
12 0.0000005420
13 0.0000006660
14 0.0000006670
15 0.0000008750
16 0.0000007080
17 0.0000009160
18 0.0000010840
19 0.0000008750
20 0.0000011670
21 0.0000012080
22 0.0000012920
23 0.0000013340
24 0.0000015000
25 0.0000013750
26 0.0000014580
27 0.0000013750
28 0.0000016660
29 0.0000018330
30 0.0000017090
31 0.0000017500
32 0.0000019170
33 0.0000021250
34 0.0000020000
35 0.0000020420
36 0.0000023340
37 0.0000022500
38 0.0000023750
39 0.0000024590
40 0.0000023750
41 0.0000024580
42 0.0000026250
43 0.0000027920
44 0.0000027910
45 0.0000030000
46 0.0000027500
47 0.0000030000
48 0.0000028330
49 0.0000030830
50 0.0000031670
51 0.0000034580
52 0.0000033750
53 0.0000033330
54 0.0000035000
55 0.0000034580
56 0.0000037500
57 0.0000037080
58 0.0000034590
59 0.0000038330
60 0.0000037920
61 0.0000042080
62 0.0000040000
63 0.0000040840
64 0.0000043330
65 0.0000039580
66 0.0000042090
67 0.0000042500
68 0.0000045420
69 0.0000044170
70 0.0000046250
71 0.0000049170
72 0.0000046670
73 0.0000043750
74 0.0000047920
75 0.0000048330
76 0.0000052920
77 0.0000050830
78 0.0000051670
79 0.0000054590
80 0.0000051660
81 0.0000056250
82 0.0000056250
83 0.0000055830
84 0.0000055830
85 0.0000058330
86 0.0000058750
87 0.0000060000
88 0.0000062080
89 0.0000061670
90 0.0000061250
91 0.0000063750
92 0.0000062080
93 0.0000247910
94 0.0000067500
95 0.0000068750
96 0.0000067080
97 0.0000067920
98 0.0000067080
99 0.0000067500
100 0.0000068340
101 0.0000071670
102 0.0000069170
103 0.0000072920
104 0.0000072910
105 0.0000073750
106 0.0000074580
107 0.0000073750
108 0.0000072910
109 0.0000075840
110 0.0000073750
111 0.0000078330
112 0.0000082920
113 0.0000079580
114 0.0000081670
115 0.0000080410
116 0.0000082920
117 0.0000084170
118 0.0000084580
119 0.0000241250
120 0.0000130830
121 0.0000127910
122 0.0000100000
123 0.0000094590
124 0.0000100000
125 0.0000095000
126 0.0000093750
127 0.0000098330
128 0.0000097920
129 0.0000093750
130 0.0000092080
131 0.0000092080
132 0.0000094580
133 0.0000100000
134 0.0000094170
135 0.0000100830
136 0.0000100000
137 0.0000099590
138 0.0000101250
139 0.0000101250
140 0.0000105410
141 0.0000101660
142 0.0000102080
143 0.0000103750
144 0.0000108340
145 0.0000103750
146 0.0000107500
147 0.0000103330
148 0.0000109580
149 0.0000109160
150 0.0000111250
151 0.0000109160
152 0.0000111670
153 0.0000109170
154 0.0000109170
155 0.0000110000
156 0.0000116250
157 0.0000112500
158 0.0000117500
159 0.0000117500
160 0.0000143330
161 0.0000159170
162 0.0000151670
163 0.0000118750
164 0.0000120830
165 0.0000127080
166 0.0000119160
167 0.0000120000
168 0.0000121660
169 0.0000118750
170 0.0000123750
171 0.0000127500
172 0.0000122920
173 0.0000125000
174 0.0000133330
175 0.0000128750
176 0.0000129580
177 0.0000131670
178 0.0000130830
179 0.0000132920
180 0.0000162920
181 0.0000159580
182 0.0000139590
183 0.0000139590
184 0.0000148330
185 0.0000134170
186 0.0000134170
187 0.0000139590
188 0.0000137090
189 0.0000140410
190 0.0000140830
191 0.0000140830
192 0.0000142080
193 0.0000143750
194 0.0000148750
195 0.0000141250
196 0.0000142910
197 0.0000142920
198 0.0000145000
199 0.0000155000
200 0.0000151670
201 0.0000151660
202 0.0000153750
203 0.0000147920
204 0.0000146670
205 0.0000145830
206 0.0000252090
207 0.0000147500
208 0.0000144590
209 0.0000150000
210 0.0000149590
211 0.0000149170
212 0.0000150840
213 0.0000149590
214 0.0000152080
215 0.0000154160
216 0.0000153330
217 0.0000156250
218 0.0000154160
219 0.0000157920
220 0.0000287080
221 0.0000155420
222 0.0000153750
223 0.0000157080
224 0.0000156660
225 0.0000163750
226 0.0000163340
227 0.0000230000
228 0.0000168750
229 0.0000209170
230 0.0000177090
231 0.0000201250
232 0.0000240000
233 0.0000189170
234 0.0000175000
235 0.0000165830
236 0.0000165410
237 0.0000168750
238 0.0000174170
239 0.0000167920
240 0.0000173750
241 0.0000175000
242 0.0000176670
243 0.0000181250
244 0.0000178340
245 0.0000174170
246 0.0000176250
247 0.0000181660
248 0.0000180840
249 0.0000183750
250 0.0000184580
251 0.0000184580
252 0.0000183750
253 0.0000187090
254 0.0000188750
255 0.0000183340
256 0.0000186660
257 0.0000189580
258 0.0000191250
259 0.0000189170
260 0.0000188750
261 0.0000196250
262 0.0000192920
263 0.0000191660
264 0.0000198330
265 0.0000194580
266 0.0000196660
267 0.0000200000
268 0.0000197090
269 0.0000193750
270 0.0000195420
271 0.0000198340
272 0.0000201660
273 0.0000193750
274 0.0000200830
275 0.0000200410
276 0.0000201670
277 0.0000196250
278 0.0000203750
279 0.0000207500
280 0.0000202500
281 0.0000202920
282 0.0000206250
283 0.0000205410
284 0.0000215000
285 0.0000212090
286 0.0000212500
287 0.0000209580
288 0.0000212500
289 0.0000217080
290 0.0000218330
291 0.0000216250
292 0.0000215000
293 0.0000214590
294 0.0000218750
295 0.0000224170
296 0.0000220830
297 0.0000222910
298 0.0000220830
299 0.0000220830
300 0.0000249160
301 0.0000256250
302 0.0000238750
303 0.0000237090
304 0.0000228330
305 0.0000225830
306 0.0000233750
307 0.0000229160
308 0.0000231250
309 0.0000230830
310 0.0000231250
311 0.0000232500
312 0.0000232080
313 0.0000236670
314 0.0000235000
315 0.0000239170
316 0.0000244160
317 0.0000240000
318 0.0000240410
319 0.0000239590
320 0.0000242500
321 0.0000249580
322 0.0000242500
323 0.0000243750
324 0.0000244590
325 0.0000248330
326 0.0000246670
327 0.0000250410
328 0.0000246670
329 0.0000244590
330 0.0000247500
331 0.0000247920
332 0.0000252090
333 0.0000254590
334 0.0000254580
335 0.0000254590
336 0.0000251670
337 0.0000254160
338 0.0000262080
339 0.0000258340
340 0.0000257920
341 0.0000260420
342 0.0000260840
343 0.0000255420
344 0.0000268330
345 0.0000261660
346 0.0000258750
347 0.0000258330
348 0.0000263340
349 0.0000266250
350 0.0000267500
351 0.0000274590
352 0.0000267080
353 0.0000317500
354 0.0000282080
355 0.0000279580
356 0.0000270410
357 0.0000277080
358 0.0000278330
359 0.0000275420
360 0.0000280000
361 0.0000282500
362 0.0000280420
363 0.0000274580
364 0.0000281670
365 0.0000285000
366 0.0000278330
367 0.0000285410
368 0.0000284580
369 0.0000292500
370 0.0000293330
371 0.0000294580
372 0.0000284170
373 0.0000296670
374 0.0000290410
375 0.0000292080
376 0.0000292920
377 0.0000286250
378 0.0000287080
379 0.0000301670
380 0.0000300830
381 0.0000300420
382 0.0000299160
383 0.0000300000
384 0.0000298750
385 0.0000300830
386 0.0000297090
387 0.0000295830
388 0.0000301250
389 0.0000300830
390 0.0000315840
391 0.0000299170
392 0.0000304580
393 0.0000307920
394 0.0000306660
395 0.0000302500
396 0.0000307080
397 0.0000307920
398 0.0000311250
399 0.0000313750
400 0.0000312500
401 0.0000313340
402 0.0000309590
403 0.0000321660
404 0.0000317080
405 0.0000316670
406 0.0000321250
407 0.0000318750
408 0.0000315840
409 0.0000314170
410 0.0000314590
411 0.0000320830
412 0.0000331250
413 0.0000322920
414 0.0000320420
415 0.0000321660
416 0.0000323750
417 0.0000320840
418 0.0000362080
419 0.0000325420
420 0.0000334590
421 0.0000330000
422 0.0000334580
423 0.0000332500
424 0.0000329590
425 0.0000329160
426 0.0000334160
427 0.0000333330
428 0.0000342920
429 0.0000337920
430 0.0000339160
431 0.0000338750
432 0.0000337920
433 0.0000348330
434 0.0000340420
435 0.0000342080
436 0.0000343330
437 0.0000345830
438 0.0000346660
439 0.0000342090
440 0.0000345000
441 0.0000349590
442 0.0000346670
443 0.0000350830
444 0.0000358750
445 0.0000350830
446 0.0000365000
447 0.0000353330
448 0.0000361670
449 0.0000350000
450 0.0000350830
451 0.0000366670
452 0.0000360420
453 0.0000350410
454 0.0000355000
455 0.0000357080
456 0.0000363340
457 0.0000359580
458 0.0000369170
459 0.0000360830
460 0.0000365420
461 0.0000365000
462 0.0000364580
463 0.0000392920
464 0.0000373330
465 0.0000360840
466 0.0000372080
467 0.0000370000
468 0.0000370420
469 0.0000366250
470 0.0000372500
471 0.0000369580
472 0.0000373340
473 0.0000377080
474 0.0000383340
475 0.0000374170
476 0.0000385830
477 0.0000383330
478 0.0000377920
479 0.0000382920
480 0.0000381250
481 0.0000379580
482 0.0000378340
483 0.0000381670
484 0.0000385410
485 0.0000390420
486 0.0000387910
487 0.0000382080
488 0.0000385420
489 0.0000392500
490 0.0000388750
491 0.0000400000
492 0.0000386670
493 0.0000395830
494 0.0000397500
495 0.0000390410
496 0.0000395830
497 0.0000400840
498 0.0000396250
499 0.0000409170
500 0.0000390000
501 0.0000399590
502 0.0000400840
503 0.0000403750
504 0.0000450840
505 0.0000411250
506 0.0000402080
507 0.0000406250
508 0.0000404580
509 0.0000406660
510 0.0000413330
511 0.0000414580
512 0.0000405420
513 0.0000409580
514 0.0000409590
515 0.0000419580
516 0.0000420420
517 0.0000415410
518 0.0000418340
519 0.0000420830
520 0.0000411670
521 0.0000417500
522 0.0000422500
523 0.0000432920
524 0.0000422080
525 0.0000422500
526 0.0000420420
527 0.0000423330
528 0.0000431250
529 0.0000427500
530 0.0000425410
531 0.0000428750
532 0.0000439580
533 0.0000422500
534 0.0000430000
535 0.0000430000
536 0.0000427080
537 0.0000425000
538 0.0000440000
539 0.0000431250
540 0.0000441250
541 0.0000436250
542 0.0000439580
543 0.0000442500
544 0.0000438330
545 0.0000437910
546 0.0000440000
547 0.0000435840
548 0.0000442080
549 0.0000447910
550 0.0000445840
551 0.0000443750
552 0.0000455420
553 0.0000452920
554 0.0000454590
555 0.0000450840
556 0.0000451250
557 0.0000453750
558 0.0000455420
559 0.0000513750
560 0.0000474170
561 0.0000472090
562 0.0000450420
563 0.0000470000
564 0.0000457080
565 0.0000455420
566 0.0000457500
567 0.0000461670
568 0.0000456250
569 0.0000463340
570 0.0000462920
571 0.0000467080
572 0.0000466670
573 0.0000465830
574 0.0000462500
575 0.0000470840
576 0.0000482090
577 0.0000467500
578 0.0000471250
579 0.0000468750
580 0.0000471250
581 0.0000468750
582 0.0000466250
583 0.0000479590
584 0.0000471250
585 0.0000476250
586 0.0000478750
587 0.0000482920
588 0.0000484170
589 0.0000480840
590 0.0000477500
591 0.0000480000
592 0.0000486670
593 0.0000487090
594 0.0000481670
595 0.0000495830
596 0.0000485830
597 0.0000485000
598 0.0000490830
599 0.0000493340
600 0.0000489580
601 0.0000492080
602 0.0000495840
603 0.0000492910
604 0.0000493750
605 0.0000496250
606 0.0000498330
607 0.0000497080
608 0.0000497920
609 0.0000497090
610 0.0000502920
611 0.0000491670
612 0.0000496670
613 0.0000510000
614 0.0000503750
615 0.0000500840
616 0.0000511250
617 0.0000511250
618 0.0000510000
619 0.0000506250
620 0.0000526670
621 0.0000508330
622 0.0000523750
623 0.0000506660
624 0.0000512090
625 0.0000520420
626 0.0000534170
627 0.0000524170
628 0.0000521670
629 0.0000523330
630 0.0000516670
631 0.0000511670
632 0.0000517080
633 0.0000510000
634 0.0000538750
635 0.0000517910
636 0.0000525000
637 0.0000538750
638 0.0000528750
639 0.0000526250
640 0.0000533750
641 0.0000530000
642 0.0000531670
643 0.0000525830
644 0.0000530000
645 0.0000518330
646 0.0000520000
647 0.0000531250
648 0.0000531250
649 0.0000533330
650 0.0000549590
651 0.0000532500
652 0.0000538330
653 0.0000551660
654 0.0000535000
655 0.0000544580
656 0.0000540830
657 0.0000539170
658 0.0000545840
659 0.0000547080
660 0.0000540000
661 0.0000547500
662 0.0000545840
663 0.0000557500
664 0.0000545000
665 0.0000554160
666 0.0000552500
667 0.0000558750
668 0.0000558750
669 0.0000605830
670 0.0000599160
671 0.0000554580
672 0.0000557090
673 0.0000557500
674 0.0000554590
675 0.0000551660
676 0.0000558330
677 0.0000556660
678 0.0000562080
679 0.0000557500
680 0.0000564170
681 0.0000554170
682 0.0000562500
683 0.0000573750
684 0.0000565000
685 0.0000568340
686 0.0000567080
687 0.0000571670
688 0.0000565410
689 0.0000580000
690 0.0000568750
691 0.0000575410
692 0.0000577080
693 0.0000579170
694 0.0000577500
695 0.0000578330
696 0.0000579580
697 0.0000575000
698 0.0000571250
699 0.0000590420
700 0.0000579580
701 0.0000584170
702 0.0000581670
703 0.0000581250
704 0.0000586670
705 0.0000595000
706 0.0000583750
707 0.0000585420
708 0.0000582920
709 0.0000593750
710 0.0000589160
711 0.0000595840
712 0.0000584580
713 0.0000599170
714 0.0000614170
715 0.0000589170
716 0.0000601670
717 0.0000600000
718 0.0000585840
719 0.0000609170
720 0.0000591660
721 0.0000593340
722 0.0000600410
723 0.0000599160
724 0.0000616670
725 0.0000617080
726 0.0000598750
727 0.0000619580
728 0.0000599160
729 0.0000612090
730 0.0000606670
731 0.0000605830
732 0.0000605000
733 0.0000613750
734 0.0000617080
735 0.0000610830
736 0.0000610000
737 0.0000611250
738 0.0000631250
739 0.0000608330
740 0.0000621670
741 0.0000624580
742 0.0000829580
743 0.0000611670
744 0.0000624170
745 0.0000617080
746 0.0000622080
747 0.0000617080
748 0.0000631670
749 0.0000627500
750 0.0000625000
751 0.0000630840
752 0.0000632080
753 0.0000632500
754 0.0000628330
755 0.0000631250
756 0.0000645000
757 0.0000621670
758 0.0000636250
759 0.0000634170
760 0.0000645840
761 0.0000633340
762 0.0000630000
763 0.0000647920
764 0.0000628750
765 0.0000650420
766 0.0000640000
767 0.0000642500
768 0.0000646660
769 0.0000651660
770 0.0000644170
771 0.0000647080
772 0.0000640420
773 0.0000659590
774 0.0000654580
775 0.0000652920
776 0.0000728750
777 0.0000658330
778 0.0000637090
779 0.0000669160
780 0.0000655420
781 0.0000666250
782 0.0000674580
783 0.0000659580
784 0.0000663750
785 0.0000656250
786 0.0000655420
787 0.0000661670
788 0.0000685410
789 0.0000662920
790 0.0000676250
791 0.0000665000
792 0.0000671250
793 0.0000674170
794 0.0000661670
795 0.0000685000
796 0.0000670000
797 0.0000672500
798 0.0000679590
799 0.0000691660
800 0.0000687920
801 0.0000679590
802 0.0000668750
803 0.0000675000
804 0.0000693750
805 0.0000676670
806 0.0000677920
807 0.0000698330
808 0.0000693330
809 0.0000688750
810 0.0000691660
811 0.0000686670
812 0.0000694170
813 0.0000676660
814 0.0000691670
815 0.0000682920
816 0.0000694580
817 0.0000687090
818 0.0000690000
819 0.0000683750
820 0.0000690830
821 0.0000707920
822 0.0000757080
823 0.0000742080
824 0.0000698340
825 0.0000706660
826 0.0000709170
827 0.0000707910
828 0.0000704580
829 0.0000702910
830 0.0000699160
831 0.0000705000
832 0.0000711250
833 0.0000695410
834 0.0000703330
835 0.0000729170
836 0.0000715000
837 0.0000708340
838 0.0000715000
839 0.0000710830
840 0.0000715000
841 0.0000712910
842 0.0000712090
843 0.0000725000
844 0.0000713340
845 0.0000712080
846 0.0000730420
847 0.0000700420
848 0.0000727910
849 0.0000708330
850 0.0000719590
851 0.0000724160
852 0.0000723750
853 0.0000731670
854 0.0000733750
855 0.0000730000
856 0.0000732920
857 0.0000721670
858 0.0000726660
859 0.0000737080
860 0.0000741670
861 0.0000742500
862 0.0000759160
863 0.0000731250
864 0.0000755420
865 0.0000734160
866 0.0000732500
867 0.0000732090
868 0.0000746670
869 0.0000745000
870 0.0000742080
871 0.0000741660
872 0.0000759170
873 0.0000743340
874 0.0000745840
875 0.0000737920
876 0.0000740000
877 0.0000743750
878 0.0000742080
879 0.0000740000
880 0.0000757910
881 0.0000754580
882 0.0000749580
883 0.0000758340
884 0.0000764580
885 0.0000748750
886 0.0000757500
887 0.0000761670
888 0.0000749580
889 0.0000752080
890 0.0000766670
891 0.0000755000
892 0.0000767080
893 0.0000763330
894 0.0000763750
895 0.0000769160
896 0.0000784160
897 0.0000764590
898 0.0000767080
899 0.0000762500
900 0.0000770420
901 0.0000776250
902 0.0000762080
903 0.0000772080
904 0.0000750000
905 0.0000759580
906 0.0000773750
907 0.0000781250
908 0.0000774580
909 0.0000762500
910 0.0000775420
911 0.0000769580
912 0.0000794170
913 0.0000778750
914 0.0000785830
915 0.0000780000
916 0.0000799580
917 0.0000798750
918 0.0000803340
919 0.0000788340
920 0.0000773340
921 0.0000786670
922 0.0000779170
923 0.0000793750
924 0.0000783340
925 0.0000792080
926 0.0000814160
927 0.0000776250
928 0.0000799170
929 0.0000803750
930 0.0000805840
931 0.0000800830
932 0.0000813750
933 0.0000822920
934 0.0000808330
935 0.0000810000
936 0.0000800840
937 0.0000793340
938 0.0000806660
939 0.0000805420
940 0.0000810000
941 0.0000812920
942 0.0000819580
943 0.0000965840
944 0.0000890410
945 0.0000885000
946 0.0000818330
947 0.0000814580
948 0.0000813340
949 0.0000827920
950 0.0000812920
951 0.0000985830
952 0.0000822500
953 0.0000967500
954 0.0000960000
955 0.0000821670
956 0.0000815000
957 0.0000834580
958 0.0000829580
959 0.0000822090
960 0.0000826250
961 0.0000831660
962 0.0000834590
963 0.0000846670
964 0.0000820420
965 0.0000835420
966 0.0000831250
967 0.0000830830
968 0.0000834160
969 0.0000839580
970 0.0000850420
971 0.0000835830
972 0.0000933330
973 0.0000852910
974 0.0000839160
975 0.0000842500
976 0.0000845000
977 0.0000844580
978 0.0000855830
979 0.0000844590
980 0.0000846660
981 0.0000840830
982 0.0000837500
983 0.0000851670
984 0.0000839160
985 0.0000856670
986 0.0000852920
987 0.0000852920
988 0.0000847920
989 0.0000852500
990 0.0000857080
991 0.0000857500
992 0.0000857080
993 0.0000855830
994 0.0000847080
995 0.0000859170
996 0.0000875420
997 0.0000847500
998 0.0000871670
999 0.0000861670
