-332
624
469
226
-65
-398
-363
469
-411
-972
-183
-471
362
-788
-706
446
-541
565
624
309
-512
26
605
-920
-765
193
466
-540
566
991
640
-728
530
848
53
974
157
296
534
-991
611
472
-189
547
-10
-913
-549
824
864
-763
504
962
563
-506
961
-512
-657
47
994
663
812
586
554
-209
539
-148
-777
-173
77
-481
-184
352
724
-602
-382
871
30
-153
651
-735
202
2
-837
653
-724
-357
627
576
779
887
-97
545
-387
266
-767
-525
-202
602
-884
337
-766
475
366
-639
470
-964
-231
-653
545
295
613
65
-414
-982
346
747
-153
-517
-779
-8
45
207
-304
29
512
-497
518
534
16
-526
385
-347
964
-316
-791
171
-576
282
374
-327
-760
3
651
394
895
309
-13
-65
483
-190
-73
704
997
-167
530
-343
632
-839
-654
-487
490
-727
847
-585
-546
-731
-214
491
-505
973
-783
651
44
-251
-137
58
-158
-425
105
-296
-267
-237
974
611
587
-16
-926
422
-634
-59
-698
-580
36
-704
498
640
-882
628
-495
-861
-660
-602
406
750
853
-535
-261
-26
-331
934
87
-250
-141
550
316
511
882
-917
149
566
198
447
148
491
-969
828
437
-333
-558
266
-501
-127
125
884
117
-431
-403
-843
255
324
953
-415
-82
-685
259
-863
240
388
-999
-584
-118
993
-588
873
592
-653
-979
779
-379
862
-725
426
594
-481
714
-304
409
672
426
-319
-915
-41
-683
-284
324
699
-592
80
32
-887
760
840
131
-985
-3
-818
-589
-709
61
303
393
-359
202
-830
-38
-361
-391
-48
877
618
222
-182
-302
-316
984
70
913
316
175
-383
939
-246
727
-24
807
-672
-23
387
781
459
986
-260
-458
-612
-122
-471
-374
-436
-223
954
965
-953
-69
-838
324
925
609
158
511
816
268
872
-211
-905
413
-675
789
807
-176
-215
-851
-875
698
-117
961
-815
971
-908
246
-769
464
888
723
-927
-137
798
665
-199
247
-624
623
130
-242
-700
-842
-690
477
-746
561
233
562
-74
-282
962
-552
-517
-164
63
148
540
907
-239
134
-373
-77
-396
-669
-767
543
-5
-508
-420
782
-147
-505
-323
682
4
-662
-549
835
761
584
457
206
800
814
-636
429
-494
936
-419
-775
-29
103
-667
-520
710
-186
-626
-837
660
-234
622
394
988
908
-350
-701
-393
-148
264
978
992
425
-805
458
431
952
178
-977
484
-483
452
-418
-177
26
-970
715
733
-710
575
384
717
-204
152
280
-260
326
-892
682
922
811
-719
598
670
-284
-830
-890
-72
-826
759
-723
-348
448
694
26
-127
614
577
-509
-818
-362
558
-349
336
-72
-730
63
-566
-832
-369
-57
657
316
-540
953
218
-616
246
-467
-52
518
-607
-209
-404
265
755
428
-604
766
-375
177
968
773
-388
-872
718
337
-923
485
355
-623
-791
798
998
712
-269
-488
-315
746
-948
-628
899
942
-509
981
382
-859
232
324
-516
-32
-479
-712
466
-843
-182
329
-557
-449
-908
341
532
319
100
119
-862
947
-627
615
-577
-547
-8
780
386
920
998
-156
-379
570
586
276
-582
16
318
827
929
-377
-213
-722
-135
-537
-712
275
935
109
119
-88
592
-31
863
267
644
960
713
-872
686
-758
-302
-987
843
467
234
-654
-967
-528
-152
687
-498
922
415
918
580
536
60
122
-297
758
-796
-427
13
607
947
12
451
-386
-437
-932
-490
-885
858
-300
-457
-824
744
-344
-866
-235
-808
571
893
-65
-784
-535
511
-934
494
106
-305
908
-909
636
886
292
-131
679
-481
-59
-214
-839
-754
434
597
-526
-612
467
-932
589
754
-763
-247
110
-440
-699
-350
528
386
242
-241
-382
-599
41
648
645
784
31
145
510
-333
560
-950
893
-831
401
330
358
-831
628
910
613
-963
-625
280
-79
-617
-77
-434
909
879
764
750
-778
664
-161
660
-93
-66
733
-303
839
397
41
670
777
836
81
786
718
753
-372
807
-609
-551
-490
-783
-532
-980
-487
-27
377
297
24
-9
529
-545
-753
800
-551
-299
-757
729
401
-349
-8
46
-945
213
668
-476
197
-164
-845
-962
-562
157
-766
-194
294
133
532
219
-64
15
-295
-174
56
-856
265
-902
-80
-867
733
-552
-801
521
-138
632
-686
494
-207
128
550
81
258
952
495
-631
-342
-103
-551
-851
-805
29
-510
-496
-186
628
-934
-104
-472
745
-611
-325
-682
-877
-984
836
-818
-951
872
15
-777
-854
-270
875
-269
-316
908
272
466
908
-250
-630
327
-262
18
323
-549
-861
-359
-474
294
77
-723
-311
-85
719
927
-392
-528
-457
-3
661
180
800
-282
375
-843
-62
-107
-777
-662
563
237
525
-61
882
102
-778
433
-879
588
521
-832
-241
-987
159
330
476
-676
407
-341
521
-308
-284
-389
228
869
-516
804
483
604
140
-920
374
682
783
248
-229
238
-736
-691
-763
-946
494
537
559
948
-322
915
230
734
470
-352
792
55
743
-240
-198
-56
519
-242
-287
325
-438
405
371
200
92
-812
-637
-158
926
-129
-157
617
-93
296
-349
940
-290
-789
-354
-923
668
104
779
167
-715
-14
-792
931
873
-220
-877
365
825
-71
663
-33
-776
-558
-241
-936
-179
826
301
735
-933
-217
928
-871
-233
-217
-511
-262
-962
745
495
-347
977
96
-791
-833
-102
501
948
325
-284
