996
7824
7632
7168
5868
5841
3420
2010
1139
5474
8321
8979
1226
4471
6573
9833
6723
788
6424
1823
5093
4538
1904
4272
3868
9272
1785
8367
6077
6050
9721
5100
8051
4290
2524
1581
1990
3442
9083
5897
2338
4437
6856
1100
3724
2548
5225
3579
2521
6670
3198
9884
2196
295
3237
8581
1771
6804
5382
7779
640
4506
3252
7446
6475
1333
1433
6750
945
5285
1128
560
5160
1431
331
6204
2303
2543
4277
8685
8923
5271
1414
4052
9383
552
4792
2135
8964
5985
6745
4145
2067
4627
6772
9900
3607
7416
9753
7918
3791
4557
5427
8916
2615
2457
2882
5597
1106
3787
1888
7589
287
2579
4091
6051
82
3480
5051
5627
3658
8949
4126
4716
6619
9133
9718
1309
133
9795
4801
1404
6312
6468
943
6540
9658
5127
4719
936
5516
8623
3238
5010
9820
5865
6341
6722
1014
3110
5743
779
2074
151
2093
9572
2046
9228
2551
5186
7675
2039
4031
8728
8445
337
4120
1042
6579
1328
3441
2105
1296
1129
3013
8912
6528
3936
4424
4219
5347
173
8436
2881
3452
8786
882
1680
6818
8300
5136
3605
7284
6353
2507
1800
7170
4122
3428
6106
6542
7999
5705
6114
1362
7267
4760
8750
5774
3675
7739
6732
6443
3695
1347
2326
712
4908
8612
8072
173
82
1221
6576
8198
2090
3599
456
5518
5761
1670
3487
6075
6665
2089
1789
576
6722
4866
8028
1834
1959
8672
1492
8974
998
9165
4813
4414
6599
7825
564
5865
7493
3408
1657
45
6932
6926
8647
9785
5303
7486
1186
8257
5332
2400
2678
118
3954
6829
9503
6587
590
4408
5357
6187
1241
8898
7237
2979
5835
1322
9342
2942
1667
1541
3860
7618
3190
5256
6691
4142
5414
5219
4309
5045
2746
8399
2696
1315
6048
6343
8220
829
1503
6461
4583
832
3312
3046
1822
5326
2394
3820
5421
2359
3531
2429
9094
8764
94
1080
9002
7802
4456
161
2895
7613
4334
4437
5548
2163
3747
8389
1925
9075
2639
5877
4179
1397
8461
9432
3570
7665
203
7197
5905
7990
6076
9147
7802
5489
6571
431
9922
1781
2197
2399
2730
4988
2278
8255
8783
6685
2001
4699
7028
3964
5543
786
6185
6714
4203
6020
62
3640
3129
9187
9712
3508
112
4720
4753
5773
6372
4288
7343
9638
1356
5828
8326
2818
4874
4438
7191
6038
1222
5787
5683
1318
2952
4913
1095
6270
2768
3871
5011
9427
9399
803
3594
6687
3647
5600
1277
9476
3134
4789
8642
3153
9342
3502
1869
3803
2083
2105
3510
7803
7782
272
2508
8989
9122
3715
8646
2297
3625
2876
5918
9572
323
8795
7456
2927
503
4122
6264
5208
2590
9784
207
5107
9123
8437
2397
7351
3586
1282
3421
6439
8284
1813
8471
973
736
7637
3655
3929
2275
5704
1527
4157
1808
9414
8536
5843
311
2328
3011
8661
6006
601
5992
6004
6406
6662
8580
2060
7964
3754
69
2334
4681
4083
5712
5046
8878
6457
8194
6749
8857
4733
9157
992
108
4592
1453
4484
5776
8340
6125
7801
5422
8641
971
983
4212
7548
978
4575
4674
3695
3352
9008
7006
4119
7717
4097
5228
6528
2455
7095
6591
7147
9240
1615
7699
6723
2962
3399
4133
908
9389
2916
1961
927
974
9354
7021
1089
5648
5407
7266
7093
8518
4221
316
8194
4947
4063
1992
512
2433
875
1102
2665
7846
9813
3133
6428
7719
8155
6044
7614
3928
8181
379
1919
820
3319
512
1919
7991
4638
968
210
19
9245
6175
4350
9164
9482
5970
2129
3626
3855
2062
6879
3370
377
907
4267
4603
2958
9386
3921
3433
1254
1968
7639
2113
4145
9312
9942
7778
2674
2404
8916
5298
6513
9469
2974
5272
9835
5790
5410
7654
6693
2669
365
1551
5
6266
4008
5728
3669
8552
5927
4720
2513
5202
4802
7494
4427
6165
3241
9815
8986
1650
9954
2186
8585
3554
6159
1255
6086
7792
9989
3322
9525
4659
4721
3808
9176
5556
3276
436
3691
794
7697
6157
1385
6696
6527
9067
2670
1547
2337
737
7761
7814
4447
7192
1341
6622
7697
6776
7155
5875
5600
582
1683
863
2932
2638
2503
5768
9165
5402
2694
2834
8167
9400
4623
9171
9928
9178
4473
9308
601
5760
2220
7320
3641
3375
3446
5158
1687
2090
510
9376
7872
3737
6679
8409
9898
9913
59
7868
1878
2426
4202
7377
7983
4511
6372
8947
1278
9720
8354
5344
8205
3395
4059
2506
7446
9133
7300
9604
2762
7756
4035
7190
9136
9208
6075
4776
6923
7714
9934
7048
6033
5260
6366
2574
5269
3287
6585
5476
1736
1199
9123
3137
8031
496
50
4120
4794
8666
663
4364
7436
8905
2661
7859
3243
8158
3764
7691
5684
9268
3208
6234
2007
8432
1244
6912
413
7163
5758
7492
7315
8054
6579
2216
2530
8375
6024
5277
7107
1621
7886
3129
5381
2966
3676
9173
2743
2122
4340
8101
352
1576
7378
6969
8557
9483
6407
8840
1257
2772
7345
743
7425
4919
3704
8785
5157
3760
9950
9016
7615
2997
7771
2608
791
1131
228
5355
9398
7371
2516
659
2425
2092
81
4610
6489
3190
9817
3316
6592
8683
1822
3886
2647
1145
6515
3796
5556
3209
956
9512
9377
3916
2823
5082
2120
4153
2724
7273
8997
3299
4782
163
9633
4186
4841
2397
3474
7326
2677
3389
2649
9628
6450
7589
2145
6806
951
8556
1910
8408
9660
3192
6759
2765
8821
4717
303
1721
2830
9301
989
2240
212
4985
3650
1573
5947
7191
8219
2819
171
2409
7320
7269
3005
493
4876
6708
2348
2054
7293
8943
6331
2848
841
6266
268
3785
3820
3126
305
4326
7276
6621
7473
5392
8683
8555
1117
1845
8852
1460
8505
5990
1778
8793
984
1399
9191
3879
8840
8332
9214
5228
4341
4302
7143
2759
3130
8634
5158
5571
9489
190
1396
7028
535
8156
633
7223
7566
4787
516
4466
2706
6010
7333
1794
7411
5693
496
4030
8340
6944
6109
7289
775
7854
5381
9535
538
5138
388
6865
5814
9974
4504
6808
9516
7304
3131
3356
7467
4894
2831
5868
9978
425
5852
2019
6608
6099
5991
7115
575
5270
2151
3584
1542
4670
9119
7028
7021
7868
7430
7556
7347
4138
5853
6849
6277
3730
4037
6756
9935
2836
8572
3913
9638
3297
8828
7062
300
232
862
9678
2510
4331
7166
3323
3859
4376
1275
6272
602
6083
7323
5410
1856
8100
2318
560
8849
2772
8383
1783
8673
787
4351
2625
1629
1824
6897
1737
5443
1287
9358
6340
4998
9959
4545
9680
3283
7503
2896
2629
5108
3936
1974
1466
4179
5570
6257
7738
9656
9509
1586
1910
251
2443
1723
4255
8635
3346
420
3916
5653
2449
2925
8594
5485
7737
7493
7236
2106
6966
6693
837
5650
294
721
1993
6061
6480
7166
7411
4069
7661
1085
1498
195
3634
1030
2867
9092
2243
15
8227
2885
4637
9247
663
7369
6448
6605
6430
4197
1134
5805
3109
770
9439
8094
4728
9599
3950
5924
7868
8465
445
4283
4824
5220
2167
8367
7562
9414
778
4785
389
3484
1364
1573
3334
8636
8337
9012
8661
1118
1767
4703
5263
3145
7896
857
4774
1022
8233
7478
4823
9785
7423
788
7542
8951
7936
676
6277
9997
2880
4034
2333
9224
7941
4797
1722
3462
6154
3756
3396
1457
4129
1103
5258
9177
744
6529
9054
9583
6654
4210
6276
3254
1586
5172
8699
2515
9448
6637
9913
3840
9444
1684
2382
4837
2429
1776
4748
2415
921
2454
3207
2807
1582
796
2616
733
2118
802
7833
4557
8064
2511
3048
5865
1322
1168
2834
8002
8421
9030
101
4309
9553
5237
8378
4753
2130
9222
4699
2755
3329
4593
1890
4587
2559
2557
7486
4486
3599
7539
7113
3156
6866
5222
5301
1497
6786
9244
6269
4273
1122
6683
1488
4355
1253
8017
8318
145
1872
2426
7966
1610
1223
4502
8164
5930
4047
9063
6557
210
5129
6087
5738
4906
435
129
1105
2617
9479
9787
7286
1645
8342
9051
5784
6378
6850
4627
6867
9262
5728
5373
2123
2569
1397
5610
2065
8686
8740
8041
1230
812
1835
5593
8748
5673
1828
3304
9738
4673
4234
5153
1031
279
4814
4243
8477
0
3920
3698
7167
829
1110
1622
1196
7148
1893
4021
2007
4311
1001
1181
6135
2312
1531
8052
6856
5762
4189
4828
8472
6804
1568
3624
1028
6452
8455
9551
7293
4756
6431
8031
4729
7484
7252
4420
734
5944
1539
3842
8117
7216
8967
3655
6695
4185
7403
344
8034
4426
793
4395
8550
7677
6874
6684
8824
5473
6343
1858
2538
8870
2114
505
2420
4086
4223
8650
6725
1976
6398
2120
7247
8850
4965
1521
9469
6242
9462
786
7863
4045
8615
9607
6090
3013
6655
1329
6615
4714
5874
8387
6490
5095
9222
4141
5100
6448
3021
5691
1592
5558
7414
3956
1877
3392
5387
3458
5025
1690
494
7189
1300
911
4775
6059
5868
6957
2039
3031
8932
1664
5311
3288
2858
551
2691
4240
3639
6905
1320
4925
8219
8187
1114
6569
611
647
7684
6590
2515
7894
8226
5205
8309
9873
2904
2961
4312
5537
283
7174
2678
5024
1480
2477
9791
4736
5151
5834
2323
9808
5908
9378
3301
7529
8379
6067
7275
1817
3683
1387
7731
7538
3410
3768
6866
3515
8257
5169
2275
2996
4198
8529
9330
166
5338
4915
6943
5532
5615
2300
9414
785
2176
1891
661
6688
7759
3548
2890
9997
1935
3402
6267
1304
8862
1550
3202
4424
8024
5181
9665
9261
8637
5797
7803
4044
9094
4912
787
8382
3637
5925
6124
9634
4280
6973
6785
629
447
9416
1258
1413
3186
4301
6339
4549
2877
2394
9142
2557
5666
3674
2518
5913
5835
9254
2460
8664
34
2400
3958
4426
8702
167
5956
5286
8186
4520
4753
5533
9159
470
8969
9770
7108
8394
9882
3319
1342
2120
4710
1809
6243
2656
7584
5436
1028
9781
2555
6724
516
7669
7003
2419
2787
2401
6646
7054
6876
8738
8566
1523
3797
7519
8132
8978
583
681
3689
9254
3398
527
9297
1765
8393
9962
1209
3805
2820
4992
6368
8334
8913
2705
6531
7626
9270
2133
580
6747
833
6215
1486
8015
9393
1202
687
6068
7120
6855
4604
8601
2961
8993
2497
1502
1745
2740
384
6617
3534
8150
6500
7442
4526
3404
675
2371
3586
6497
4676
5513
1562
4419
289
4052
7818
9626
7634
9852
5453
5501
9910
9540
6255
2030
986
9357
1407
850
7582
279
1123
4299
8979
8756
5256
9944
4271
7210
7435
4464
2813
350
4611
5842
6145
7084
3339
2199
1227
212
19
6735
9107
9614
3879
1856
6318
5063
8609
2353
2953
7642
1760
512
5426
8209
4758
5780
1384
6111
2879
6406
2060
1906
1466
1936
2760
1340
9483
2911
6963
9948
9307
3671
6582
5145
4307
8630
8391
208
600
6893
4083
6169
4622
6349
420
3883
4242
9736
2319
5698
6082
4790
5857
5266
9842
1757
2583
6461
630
1513
4218
4640
9360
3252
3008
1091
4772
1076
3434
6249
2402
8150
2436
2955
9134
3898
6554
881
2725
8636
4827
1263
1881
2716
3371
9920
4712
2521
604
3031
7878
1213
2911
5196
5933
6603
2984
6685
6123
8681
8401
8461
6511
5010
2312
395
1653
6817
5691
377
9374
8281
565
7609
9417
2019
4724
1717
7834
3004
3511
2767
7098
9839
6172
5377
9581
1204
2924
5662
7127
7681
4334
2636
8753
3711
5283
1023
4359
4729
8467
5139
9313
7159
2422
2916
6512
1943
7484
7692
817
4313
6525
9870
4886
7604
6004
7526
2739
7740
3603
4436
4501
5136
167
9766
3953
8723
4128
2413
3255
4451
245
4326
6092
6137
9200
3026
2931
8031
2565
136
2905
5775
4640
5517
2230
8737
6329
8049
2481
6966
6363
5376
7598
112
7511
2999
206
4340
6581
2019
6032
4736
6022
2446
9730
7175
2638
1218
5186
9014
6447
5853
4838
1591
3968
5473
2747
1605
6262
5694
7003
1473
4909
4179
6614
2623
6110
9222
3739
6510
2004
9102
7094
5579
9753
5889
7817
4314
7939
5024
5859
31
2502
9683
7312
7486
2865
7799
6722
4254
1098
9764
5631
4559
6891
7167
6799
3738
8481
372
927
8022
7342
4617
9301
6595
4516
455
4979
6786
8262
5302
8298
86
7737
3425
4253
9242
5487
4233
6898
9628
5757
6885
9935
6500
9366
5863
9228
9433
6837
15
1150
1406
4191
2164
2179
4443
9096
4289
6193
7355
3052
6319
5013
9376
3977
6648
1697
1593
5572
5193
6557
8260
5710
3605
4044
9803
8160
6072
9937
6272
9412
9239
8693
4819
3545
6969
8734
8062
8123
7529
757
8897
2392
8315
4946
8568
2986
181
7087
1416
8916
7189
9243
7501
9636
1278
9106
8614
912
4844
7785
378
3418
5476
1322
6265
9869
4335
7045
984
8368
4003
2069
5592
5038
7646
7942
3941
2381
821
1390
4145
2190
6187
2372
3050
7499
858
2396
6094
8493
7297
2424
1348
120
1500
7449
855
4546
3651
3900
8007
1736
1322
8588
9144
6271
8331
4082
4114
4656
1125
5932
495
2930
3117
5416
4939
6535
4454
9050
265
5170
5014
1257
5671
8295
1444
1743
558
2410
3382
7393
4711
1513
2903
8967
7430
3390
2794
5562
304
7768
5150
8396
5884
1833
33
9080
1105
886
8379
211
5423
6431
320
9881
2393
57
6320
3341
2706
8325
7603
9644
5529
7594
5635
1821
924
6896
5934
306
6107
1136
4377
1242
4047
1695
7892
816
254
910
3770
7358
7272
3454
7286
7188
5856
8485
6960
5804
1253
6424
4368
1067
9863
469
2469
6737
4814
7384
8585
4258
932
9376
9083
8751
8086
6943
513
9657
8266
8650
5125
9579
1641
7661
7797
4088
5028
3108
5603
2255
4129
4322
2318
4947
8946
8445
1335
4149
7595
1851
1606
9187
3069
9335
6235
794
1925
2040
3125
8319
4354
7656
4039
592
216
8397
6721
9257
7618
5367
9464
3996
646
4508
4347
7505
5969
4375
6847
8453
8811
6554
8171
1162
6611
9478
1628
2663
2804
1025
1085
6173
3829
3130
5639
7542
7092
5667
4403
363
5301
4626
2609
3044
5146
5515
1055
5979
8820
1344
5085
5772
6732
4139
6100
1107
9148
1039
62
7594
2075
3920
6564
8040
5039
9412
6755
652
7531
4962
4543
2560
2022
5628
438
9841
4667
8354
3274
676
2134
7790
5573
1721
5244
2340
538
9067
8292
2301
562
6272
7764
2630
587
9338
8425
3060
4959
465
5243
3134
3072
8823
2362
1291
1298
9946
9559
4310
6791
2980
5897
4085
5661
1184
4540
4225
5064
7831
8755
2875
2812
5916
9106
9943
6056
4878
8149
5849
7796
6431
2092
2853
3421
9104
7610
2606
1807
2078
3572
7207
9910
6201
7650
8023
6770
3004
359
276
1893
2706
1432
978
8680
5128
3450
5180
3163
1306
5134
881
5767
8220
8549
2604
1095
370
8294
7453
6199
5690
2884
460
7536
4766
7487
1556
4114
517
2571
5892
1576
1886
866
9510
3578
997
143
5338
1087
8466
3463
4835
559
2421
6299
6998
4379
7346
5390
7197
4006
3842
3694
4268
7009
93
7193
8991
8494
8242
8238
8714
6429
9079
7531
9250
8000
3310
8330
7738
50
2533
9989
9823
8904
99
9350
8711
3655
9372
419
9690
5612
712
8568
2959
7822
4181
7782
3569
9141
8529
9167
6278
9382
827
4073
33
9888
6385
5177
9265
2619
198
2087
8315
526
2539
8131
7702
7042
4418
1921
5493
2100
4015
4463
7977
6986
3371
7475
3436
9160
4626
4789
5429
5598
5765
9537
4241
5497
5421
8289
2365
653
5083
8651
7009
305
9842
7781
94
8427
5456
1790
3810
5993
2285
4899
8294
9322
2408
8024
1834
8246
342
8830
7653
6644
5005
9325
1274
2098
1920
8946
276
3045
2232
8736
5265
8952
9540
3135
813
3997
365
8454
1753
856
7152
2448
2454
1714
1523
4636
2919
5005
8410
2592
6275
7805
184
8695
5104
8816
3333
2200
8497
2411
535
3525
9940
6009
4952
6590
4177
2111
8292
5894
7430
4137
5169
8683
8875
6422
6175
3307
6107
1170
4057
4300
9080
2459
3619
8777
8577
8966
2263
982
5110
2959
2117
2392
4191
6795
5434
8141
7658
2856
7204
4266
6744
1905
7469
3067
5746
7005
103
6564
3723
8929
3723
3042
9437
267
2881
7289
6360
3021
1590
9548
2238
9451
6055
3913
7709
7358
5986
2203
5865
1615
4605
1904
2701
8146
2228
1709
8743
4498
7400
4807
4773
2497
4372
7379
9805
5230
9120
3443
3604
7169
4690
8765
1334
5595
5360
2709
5285
5869
9680
3117
9575
3271
6628
4691
301
9263
4139
8916
9482
6847
3141
8791
4074
9541
6618
5365
5015
3527
8244
9383
8836
5582
5958
9952
9225
1277
8362
9899
9923
7631
8689
2152
2851
7358
1267
5181
9588
3932
2133
4171
5209
5309
4417
2787
1348
1029
8933
6143
5890
1810
1263
5914
7017
9710
2091
8213
2143
4664
3421
304
2941
161
4522
6533
8210
385
9927
7322
2914
9461
1802
4731
4336
5161
8941
6580
386
4956
3360
324
2730
7368
4284
1826
3391
6350
8354
2738
3192
8381
9996
7179
8504
5127
6328
5959
9164
2264
9785
5534
7519
9102
8374
617
8382
7406
2878
2767
2187
882
6117
5926
8167
1897
8526
6311
5279
7332
3470
8741
1868
3780
6390
3945
2
7563
9468
7034
9807
5848
9613
8512
835
3589
7249
101
5418
3691
3738
7161
6322
6897
1957
7804
2188
2512
9584
61
8669
5747
6522
1444
7764
3573
1591
3683
2497
4746
2460
7751
9118
1874
3520
7914
8165
9970
3878
8307
7378
1535
8241
6715
6083
7404
5216
1193
1906
5138
6194
7667
6072
8163
7320
2938
8242
8079
9905
3372
7872
4910
9935
6740
8848
5211
499
1345
9832
1370
1006
9755
3068
8139
726
506
5590
9734
8853
2053
6041
1427
8454
3512
5373
3808
2854
5342
2371
3244
5150
7628
2716
6690
9887
5303
6124
7107
1251
4102
6098
8747
4838
2604
2849
6877
8223
9667
6510
6550
4781
2155
4359
3438
1277
2796
4963
9446
7421
2890
2436
1913
4451
6063
178
2647
61
2301
3251
772
1006
9687
2908
775
1195
4850
6592
3260
2116
9554
1622
1009
1192
1301
4545
6118
6207
9271
3006
3732
2427
8872
7130
4504
6707
2891
7059
934
352
3728
6473
7092
8952
4291
5784
9309
2850
2903
5986
9602
8118
6524
6056
3017
3794
2256
8212
3841
3838
8075
3152
4733
3774
9008
9144
5358
5195
9863
2464
5837
487
1053
4853
1947
5460
2276
568
2445
3471
6226
5538
2691
5831
6222
9242
308
9028
1952
2740
5941
7699
1408
4610
7023
8151
7407
5106
876
7243
5534
4086
8938
1034
7555
3022
1187
8074
2208
4460
5153
4025
787
2481
8424
4935
27
3257
9771
3781
3397
9491
98
4667
5126
4623
8553
341
9013
8685
4313
8115
6287
6803
9922
3292
5056
9185
7528
4095
2735
5362
5922
9845
299
3417
8914
2627
6379
321
2176
199
7569
3526
8516
1032
5681
4785
5589
3065
3967
1049
9491
2721
6134
5478
1844
3756
9686
3799
1785
4579
9681
1714
3723
5371
4930
6295
8885
3312
2121
532
6317
9811
6961
2212
2447
6259
6135
4763
3386
9864
3715
4468
2628
8059
7919
7463
1851
4598
1668
6500
3594
7371
1278
7459
7616
5811
9677
4253
7329
4839
8140
2445
1179
7130
5074
8187
9431
2234
2559
8000
6187
8230
5057
1963
9310
4991
8662
2576
9254
8857
6306
971
1728
7153
6941
9505
3382
1479
9692
7474
7023
8677
420
4782
5029
4599
4419
5165
477
1517
9509
513
3793
6150
4692
7861
1
7216
420
3599
572
74
6723
406
4999
3320
4568
2284
1945
3705
1242
4641
6415
1671
4580
1346
7619
272
6200
1728
3571
4533
1515
2569
4449
6431
9372
4060
3795
3523
7217
381
7137
6921
339
5664
6853
585
2227
3210
7011
7363
8806
33
7519
7438
8086
671
5744
4248
2948
1271
9376
7362
2804
8297
2974
7305
911
1968
3475
6891
1452
7241
7580
9915
840
5897
6936
1106
1868
4853
7815
1954
4700
9725
9721
5519
1163
7517
2644
5825
1224
9269
8409
862
429
9001
2160
7142
4358
7784
2072
3775
2748
9836
472
1129
3314
8451
7579
71
4512
7276
8018
6616
6746
8568
5927
726
8616
962
4881
3308
9451
3827
2315
2423
3240
219
3480
5303
7323
2575
3534
1612
188
5935
7897
5717
4714
5686
1150
2071
183
802
1201
1474
7469
267
3224
2728
2249
2473
6351
9982
6544
503
7437
5787
4684
5070
9394
7453
2854
9431
5965
3945
3946
7754
9682
4136
4177
4963
9372
4006
7063
4435
2928
8154
7130
6330
6780
2602
2392
8145
9708
2419
511
7469
1341
7531
2285
8270
3099
453
4748
2889
9077
9312
5469
6818
8158
1050
3338
423
6284
1979
3879
5401
7908
2839
521
2322
1060
5932
9341
2386
1372
3203
7980
2370
7098
450
1538
1178
9131
8403
6052
3594
9560
4192
3143
5679
6137
2867
8781
869
196
8897
7731
2247
2610
9228
9920
8454
4271
9579
3020
8420
247
7878
7281
3676
7314
7275
2821
7338
2753
183
8336
8708
6225
7542
558
8403
3893
9777
6760
7408
3614
8666
2265
666
2101
6296
9295
316
5283
8442
7789
3032
1852
7072
6787
3641
5335
5375
927
4773
5187
6263
4963
9920
37
9394
3776
3678
6655
8515
7332
7704
8616
7073
8026
9459
9819
8604
5558
5126
9349
9553
8481
2810
4375
3658
108
77
21
3688
9297
8750
3395
2972
7678
5999
3752
4232
3649
4303
3790
316
4104
4932
6439
2161
7104
5479
9625
7955
2685
7433
8334
6115
339
6550
7246
9690
2615
4672
9549
9012
5082
8023
9653
7581
6210
3972
9353
3364
3260
2119
3933
7082
5943
6533
5454
1871
4905
3243
5041
3365
3703
4546
6635
411
9562
4021
5090
3054
1799
5418
7100
3421
8240
6659
8406
1172
4598
6402
8071
21
1803
1337
9724
8157
2469
3683
6932
4667
8992
9847
8012
9194
7009
3587
8819
7316
2104
5761
4849
2532
2675
2717
3236
779
7697
6145
79
6375
9691
5381
6976
4623
2111
5181
7721
4605
7475
1685
3357
5941
2178
974
9622
8824
4441
3568
5437
6411
9095
4048
1242
6392
9444
8285
9813
3676
3694
5947
9900
1017
4414
4392
5524
6872
9478
8780
4715
5948
2121
5105
7635
3227
8314
2727
5001
5294
8174
4002
1109
9679
3622
4200
8144
4870
5980
1163
964
5098
8875
5664
524
4535
2417
4539
5485
2885
7332
9808
9760
1210
4645
7551
6699
8411
6692
4802
5673
282
140
3061
57
1019
9114
116
2101
5480
144
1601
5524
9254
3656
9269
4857
6933
5225
8012
5386
3298
4411
1808
4299
1662
5582
5300
7731
3329
7085
8931
6153
5035
9225
9110
5782
2809
9385
7641
9433
3804
5883
7585
6424
8050
2849
7774
4730
980
1345
5248
4058
3098
8018
4317
6068
3241
2868
1268
2297
2531
3099
1709
5643
3479
7534
4906
1294
337
5360
4219
2368
5372
6238
8588
4099
9163
3248
9115
5327
3319
2888
6144
5051
1798
432
6300
7074
4987
1599
6676
8318
5091
7903
9310
174
7453
2641
9790
3203
3838
584
4700
7651
6942
5102
599
5028
3688
3474
6022
5691
3819
169
2223
4498
3955
9522
1450
8392
2230
2799
1778
1951
7577
5081
4968
7603
3941
4432
5908
8321
4009
5099
165
452
4710
2117
7092
3552
8686
8341
919
492
8140
8672
6364
6818
9841
8836
6679
9771
6909
5603
8856
3561
6826
1242
9650
4569
344
151
7788
9307
3608
7194
9659
8291
9794
2403
8532
6938
3968
6077
8765
9225
9937
1668
161
1986
4181
8290
4696
6218
1834
5837
5670
9584
2049
4020
7442
234
1574
398
8275
831
877
7671
2034
8953
7431
58
1629
9158
7908
3696
1351
5373
4043
2731
9859
9895
5396
304
1886
3858
3043
3039
1251
9008
7617
7105
7332
4664
9101
7800
3880
2551
4549
3381
6708
7825
3443
4270
9611
5838
2960
7925
7592
1326
5960
9560
808
7907
2015
6373
2472
7546
957
7738
4933
3156
432
2357
6999
5455
1409
4348
6956
1375
9982
8894
2600
9325
6576
6961
673
6263
5902
3155
7946
5199
2114
2875
4529
2887
1979
3563
6563
6066
5173
5324
9433
3944
8414
9068
6580
1415
1943
5232
4713
9794
9667
404
1601
9368
7692
6114
6235
5713
6694
3722
8924
2185
2094
3024
4535
9876
2612
9799
5984
6344
7374
7521
4128
2492
712
9225
4687
7778
114
7817
3705
5070
6843
8619
5779
1647
3963
5252
637
5793
5905
2869
4934
4573
4114
1726
2112
9100
122
1319
5612
3343
9271
9802
9535
1098
6324
4161
9116
5219
6802
6247
7613
2528
8880
3366
2425
7270
573
8367
4482
5633
6572
5180
5882
1551
1259
7861
6733
9988
5684
4228
3159
4295
5535
689
134
6774
8334
5213
2813
5933
3716
3628
8753
4366
4066
695
1264
3202
9310
8031
5798
9348
5002
933
272
6345
3380
4588
7607
8697
2566
9739
4142
2234
5592
697
354
8097
6830
6857
1431
9728
7084
4834
6409
6704
508
1627
367
1810
823
6215
5337
6996
4090
3977
9780
7205
8106
2068
2946
1675
8838
9898
7388
1604
3662
11
6338
3927
6685
9440
1552
8630
6198
524
4662
840
6978
8180
8184
4526
6278
1343
7975
6759
4899
4248
9831
1005
4423
4611
1456
1269
5345
9638
1746
1672
7879
625
8177
6672
6475
5135
4371
4581
5262
3424
9893
5928
333
2940
1663
766
7120
8117
2856
987
3390
1447
5176
4961
6028
5433
9097
6421
3757
5750
8652
4296
134
5311
1318
3933
4301
3613
9710
2777
9625
2958
1212
5452
7868
2766
8142
3682
1750
7984
1698
5077
5405
5589
5111
9998
9689
2711
5771
9072
6621
5025
3411
7548
7410
6481
343
300
5259
3132
6959
5
6019
1336
2827
1163
4239
4816
7444
8929
4883
3205
6619
8856
1801
6421
6623
5155
9090
1828
9217
485
668
1224
2851
174
7805
6318
4249
9685
1394
9314
3549
683
1332
1138
760
1977
6769
6814
1993
1831
101
2405
4718
3199
8696
1785
7849
5920
8745
4711
9036
514
7060
7502
1770
3876
8009
6329
3246
3398
474
8909
9308
4650
2764
8661
7549
3633
7902
4595
9567
9287
395
3159
5172
93
7056
2348
6983
2112
4394
8407
7065
6417
9079
6242
4685
5376
6157
246
532
3850
3677
9203
5773
3843
2012
9393
8245
7427
3083
5883
5322
7079
4476
9062
9733
76
2724
6112
6283
949
2597
2731
6815
7810
1376
4036
6569
6701
686
510
6328
4199
5976
8048
4252
793
8828
4736
3074
4002
3476
7972
3710
6375
244
6187
9073
3113
6658
1295
8726
589
7855
6946
819
9734
1483
6376
1700
6033
1614
5554
6093
4772
1255
2694
2641
3624
4446
2530
1914
820
5217
8585
5737
68
7617
9998
5940
8438
3883
2908
5316
9149
611
2383
9141
5235
1698
1468
6719
6938
4152
8478
6833
8417
878
3754
8735
8675
1691
438
8738
2110
5918
8927
4844
3170
5298
9943
759
6742
8600
4345
5569
1588
6280
9137
7270
5637
6878
2495
5214
5965
5116
5731
3030
2314
6854
5003
1051
9106
4547
6903
372
7450
2774
987
986
8419
6299
5689
7188
2616
7359
9273
2428
2361
4918
9365
3331
2616
6164
9136
5756
1486
8475
9242
136
6891
3284
556
9571
1511
6393
4093
5446
1322
604
1447
6506
8503
648
590
9014
9803
6317
269
5614
2966
9225
7766
3332
2650
9484
8721
6660
7816
6952
2196
7771
8468
9353
4780
1349
6384
7843
2461
9083
8602
4773
3078
1660
5871
6254
6543
6381
2675
9393
1257
7481
2456
5318
926
1702
7710
6102
5952
9555
2623
733
8501
8021
9465
6833
652
7063
8490
1607
6642
1442
5676
8131
8135
3227
9684
4891
9323
7826
873
1928
5272
96
1968
9135
6097
8121
4366
1647
7234
9106
5813
1676
1996
1927
146
4653
3618
4872
9706
5600
2456
4528
4812
5425
801
2778
5078
894
7491
536
7759
3908
3305
9414
605
9582
6175
140
7422
2632
2483
4046
6729
4394
9715
5507
1141
916
2389
9728
2786
5765
3177
6081
5009
5559
1848
9422
2310
7264
4080
2773
283
9543
2549
6513
1417
6428
5272
1997
7040
6448
5812
93
4361
1888
6877
6006
6056
6442
8402
3320
8269
5620
3897
9879
8169
5253
4252
5534
2825
4148
5031
3476
1538
6926
6549
798
4302
1195
691
8917
9383
7710
88
9076
1765
991
6056
7122
3217
1332
5395
7308
2473
5656
227
9487
8573
5505
8028
7253
7291
432
356
917
5016
6517
3419
8741
9740
1573
301
824
4163
6625
1659
963
3143
8115
4752
6024
2804
1561
2093
3482
9945
7384
5314
9434
9160
9863
8022
7563
4391
1813
323
5860
1139
4827
8635
8765
2949
2369
3288
1031
1514
1630
4970
9210
9905
8782
5451
5795
2060
7931
5803
8164
2761
310
9800
5556
128
9791
8889
8162
9137
7904
7911
5738
7908
7823
8794
1134
6644
8543
3202
9778
7271
3180
3170
2609
9069
5160
3214
5888
6122
9680
8668
3842
2447
1226
8132
364
3629
8583
8602
1943
6404
392
5186
1771
5315
5458
9468
725
265
6696
613
6147
3702
1846
6119
4371
3726
2707
3719
9086
8036
8687
637
346
3074
8458
9331
9672
77
8720
9410
9491
5219
5291
2495
9786
5270
3192
3680
9519
8965
5659
7018
6156
2701
2479
5565
2247
2795
6862
8815
3940
3501
3852
6080
4708
3413
807
1212
1355
5096
5489
2359
4555
2148
9573
9399
7038
1492
8447
5248
9130
5245
802
7869
6328
1175
6560
918
3151
5295
2611
7500
4148
7097
6212
396
375
1356
9727
225
6099
5570
8345
5586
4084
3521
9687
7238
4502
2974
7461
2557
2872
9674
5387
9353
5058
2751
8303
3418
3777
4410
7170
60
307
9810
8252
1555
7953
9383
1321
9399
6902
6900
1546
6732
293
3709
1456
4891
6190
8148
8464
5827
8150
6409
1921
9459
3394
3360
9982
2689
4802
6364
3098
2865
7888
190
1762
900
567
3822
1650
3421
4017
4892
3937
7420
1208
7179
59
1358
4752
3143
4288
2992
2500
8119
3219
5314
6907
7821
8391
2645
6582
8495
3347
1317
6220
1235
5170
7283
7409
4049
4753
789
6320
5792
3013
8403
4487
7785
6337
970
5307
4052
9447
8824
8968
8778
9466
5842
1606
2113
9500
4149
6221
7508
1825
6533
2739
740
334
2779
4035
3463
9706
4550
5434
5271
8590
5107
4360
4523
4948
2266
6353
7173
8405
6953
4977
6671
6072
9196
5400
7493
6998
4762
3182
2883
1441
3821
5940
1785
8910
1473
1221
4679
9899
5819
9751
9927
3268
5153
4151
875
251
5483
4335
7590
5433
454
3983
6922
6639
5170
8634
6403
5844
1735
1504
4219
8264
9809
9938
9422
9027
1387
3138
1629
4676
5044
6437
5547
1815
7029
423
9906
4481
8528
6178
1742
5452
5481
3669
1321
7737
658
9468
2413
8336
1132
5049
6536
6703
6333
8196
9101
2617
2003
7043
5090
8365
2315
2636
4524
6560
9989
3899
2521
3723
4987
9799
4982
1367
7312
5328
4280
186
3079
834
5097
7961
9631
4128
6892
3422
3831
5896
6190
1290
4418
8672
4986
6331
5081
199
240
157
5884
8522
7689
4256
3453
2159
2209
8624
9071
936
3139
92
3325
3164
4420
9873
8017
1568
5644
6986
5443
1034
1605
1239
8187
1800
612
5540
6060
2787
5082
440
4720
1379
9050
2299
803
5217
9324
5998
4609
9658
814
7390
2087
1440
6721
5939
6297
7242
5544
5560
8715
9246
5953
7436
8865
8341
254
3430
5424
5421
1231
2546
5179
6412
2962
5144
8837
3703
4017
8169
2850
9241
8989
2720
3912
4837
1025
8745
9562
1261
8717
2476
361
1477
9933
4582
4172
512
4515
1978
1566
987
3703
9784
9477
3385
3546
6488
8029
3790
8292
8231
2975
7803
5296
4223
2054
1545
8870
830
8619
4543
9137
6066
3158
4705
7967
6509
3556
1160
476
5924
1468
6328
5045
84
5408
3677
6912
7060
4603
9718
7341
2554
4154
3486
1406
1416
8473
8442
8621
8453
5873
4043
3042
8705
9744
2181
6946
970
6378
606
6136
8929
8593
2537
7203
6008
327
5538
1227
8548
4756
7474
63
428
483
3022
2843
153
7524
8260
5098
9068
7238
8105
8886
9360
8215
79
5121
1251
6142
3834
4073
3010
5924
8723
9521
7517
4440
6062
9867
3101
6069
5946
8782
4590
6928
5120
4526
5010
9523
9334
3747
1877
1901
8869
6806
9989
8349
1984
7499
9887
1432
619
7806
7964
9033
8826
9644
6125
518
776
1525
3030
9393
8715
348
6057
7583
4677
3363
369
7280
6524
2426
3708
9751
41
4112
2177
2365
7264
1657
4299
9296
2618
3748
2267
4812
1841
7127
4527
962
3199
2567
3257
4674
3593
1289
3956
1199
5035
5926
3769
2969
9103
1767
1867
1354
1300
993
3010
2488
3582
3249
3456
6704
6463
8724
7523
6011
2988
4238
1676
2392
1128
2734
7183
6713
8295
3246
3596
8915
2634
1217
6830
5017
477
7244
7347
6767
9013
3639
787
6697
939
564
387
95
2693
6064
326
4316
8120
7769
5283
9749
5869
1086
8055
9506
3113
7630
1017
1753
9041
580
1444
1603
4667
1344
6255
9920
5093
619
4756
5510
8738
4248
7186
1694
7104
9778
196
1217
1136
1767
5485
6759
3133
1724
9349
2629
346
7505
1697
1062
8745
5678
6817
4569
3522
5909
2626
1729
35
6354
9494
5585
8434
1055
5697
6277
4054
8435
3997
9457
4070
2252
6205
5784
4988
6428
1656
8000
3023
3080
4537
5414
7720
2923
9812
328
5508
1979
1008
9913
3630
3996
6478
1093
1226
3728
8847
3812
435
3586
8696
8139
5995
6082
3832
2361
7725
6821
8505
9513
6527
5154
7483
4250
4778
7357
7107
2772
7906
687
4515
1910
1243
6980
395
8575
9681
372
5674
8849
6326
6735
5027
5904
8596
6947
2243
7238
7395
8391
5752
8336
1876
4838
3438
3342
2598
5505
3617
4150
5490
2110
7499
1954
5589
8971
4691
9096
4395
9332
9004
8053
3462
1899
971
3341
7147
5311
6192
9075
9881
9174
4894
936
6152
4623
1999
8164
6201
8012
4690
3933
9
9708
2315
2612
774
5040
3453
5483
9764
8880
8207
9163
1335
7369
9482
8092
8123
9937
2326
1362
8867
3444
7344
1921
6132
1739
9871
5360
5199
8868
9175
1259
9408
9754
9668
9314
7925
9103
6385
5712
5845
7690
2410
908
5919
6262
4869
2006
2419
5735
7044
8823
1868
3636
7231
8540
8882
7726
4009
2530
2539
9057
8896
8216
6645
5383
2607
5342
6632
1981
3497
330
2934
3714
9605
7761
3292
78
8851
2350
4033
4936
5858
8050
7308
8324
7665
5709
9820
6835
1240
3152
8342
1388
5892
6648
6133
2612
628
6190
8939
8729
1478
4768
8339
3711
2179
3565
2702
210
2008
3178
8984
9344
9182
3638
8872
402
2287
1762
1222
5372
6773
6756
821
5023
8628
9238
9051
1827
7390
5588
2980
3225
4259
606
7150
5922
9955
9766
9548
7703
8168
7427
5571
1133
7612
7036
4117
7676
2594
1611
7368
300
7750
3658
4537
5564
9556
9542
5083
3916
1632
6467
667
2285
2504
7578
1118
4229
9326
3200
9138
1948
7707
6550
459
8477
9842
6736
7165
659
7670
1338
9866
484
4084
8482
710
8186
8754
3609
3510
5767
3504
9704
5935
9525
2823
2865
1360
4552
2810
1886
1083
6902
3541
3773
3576
6965
6997
6044
1484
8634
4077
5555
3995
938
9161
705
4591
6797
1194
9829
3994
2444
9797
4124
1736
1801
7229
20
4981
9420
4864
1744
1842
6339
7805
30
6714
9460
5215
5043
8544
6931
4247
7047
2105
5760
6328
713
5735
8078
4419
4885
4297
877
695
1824
2419
4329
8481
4082
9116
4535
9134
1337
8115
3707
1593
2741
6198
4450
1260
1312
7421
5881
1929
1848
9806
8647
2208
7574
5014
2869
9946
4039
9271
284
5425
2193
3849
5455
8596
8031
3195
9247
7298
5179
7666
7287
5458
2795
8504
1282
5704
8932
2840
287
6322
6061
1038
1263
7410
7220
3750
3624
6660
3147
3645
6052
7708
1262
5633
3841
869
3735
83
7794
7319
8964
8781
7614
5721
6974
4503
3947
7177
9346
8182
4261
4185
9384
1612
9976
5736
2360
3621
8989
2178
5802
4642
4318
1786
6639
8690
7680
4645
1994
1619
4346
3761
5869
1404
3022
4261
6614
5792
512
4481
2526
1268
6371
438
6209
465
1004
6466
7829
9216
8213
9652
8579
7710
7371
9091
8565
9555
3140
6405
8909
7699
5918
8080
2062
2034
485
6244
3661
5819
7624
7601
9028
9682
2743
1249
2536
3032
156
164
542
3132
5646
60
1954
538
6552
5136
626
4621
973
6291
5163
6222
2575
2471
5402
5718
1298
2111
1483
9800
4158
7550
1782
2919
8034
6737
5232
4886
3683
7243
2133
7995
4
1066
5386
388
7718
8190
7855
4748
3923
7922
2594
1742
2116
6692
9585
2726
7071
6168
4140
1608
746
439
9801
9202
8472
3189
7760
4230
3467
3395
7879
4053
2946
8103
885
9499
4014
8531
5436
3648
3130
3367
41
8203
3324
4215
2882
2269
266
5051
4011
1775
1266
3140
4356
8849
690
9021
5833
1203
2988
331
2737
1171
7812
1789
9253
865
6406
4834
9839
3854
6601
2416
1881
5264
4384
3107
3428
2441
9574
2402
9248
6346
2194
4549
2032
232
5963
6820
4202
1008
7866
1959
5929
6747
6199
3292
8929
7973
4543
8932
9897
8322
1576
6118
7701
4000
5208
8617
3040
2501
4751
9420
4340
3747
4045
2212
922
8298
5259
2250
7381
3913
8439
7904
9964
9538
3894
1509
1671
8733
4383
4925
9075
3729
7557
429
8416
1150
6126
1088
3186
3863
7236
16
2895
2587
2976
3469
2277
3929
6509
6808
50
6728
3097
1762
5915
4864
9459
8193
4036
5723
5591
9184
7338
9492
1452
1583
6624
4034
9996
5626
9676
5606
2952
995
2213
2925
580
5286
1585
4882
3406
7043
9851
8868
9338
4213
9127
823
4726
2798
5185
8034
6882
3424
719
5434
9584
4236
9760
9548
8279
1101
8051
2475
3337
9234
5040
304
1362
9056
4449
9603
9541
226
9329
3007
7117
6392
2141
7620
1302
4728
1451
8977
4174
3934
3056
6891
3891
2927
6930
1691
4613
9783
1603
811
4186
6221
9557
1150
7730
8503
6443
8099
3808
4654
5419
4089
4215
7546
4693
2484
7247
4215
510
4063
9592
5206
5591
6734
8436
2334
9
3997
6771
3110
486
4424
857
2496
3161
9091
3620
2328
2470
4576
4268
4325
5489
3244
8708
4102
4723
3133
3212
6502
3738
4494
589
8685
9618
8642
2765
7874
1850
4572
9195
3364
9464
2327
5677
7575
7424
2913
7209
1163
9419
9160
4607
9904
1066
7199
8674
4703
5847
2126
7976
9552
2536
2031
8229
649
3534
3339
5609
224
5883
1490
1612
2400
3781
5144
1044
7296
1846
4754
444
6001
4893
1477
3835
945
9837
2783
6535
7805
5388
1839
1665
9369
400
9244
7328
5562
9170
3879
9229
8140
1583
3848
5540
6619
475
6109
9637
4619
9210
1671
7995
4537
7479
3061
8593
5975
2815
6911
6162
8773
4095
6226
2509
6912
112
6941
9634
6565
3384
6045
7283
5394
9422
6782
8766
4544
7356
1875
7859
3265
3186
5995
8812
6461
4984
226
3316
3605
1235
607
6933
8780
4937
5872
2020
2819
2518
8213
71
4791
905
992
8132
9362
2544
7395
7778
997
7624
7121
7783
3205
2408
8727
7339
6044
4644
7344
7251
2548
4461
6321
7099
8421
3668
8393
5437
4000
3590
8520
9632
9515
1907
7091
4773
4529
3670
846
8317
8915
1522
5030
8358
9404
3927
2815
8454
9227
742
981
1097
8730
6744
4203
9422
1317
2392
1834
2737
5361
4792
206
9236
1552
7209
1802
8843
6599
9339
2296
159
1601
1976
4479
5297
4770
9068
7560
4951
6134
9304
617
5923
3699
5994
7488
4491
8557
9525
2257
6013
1311
1636
5225
8179
1063
1854
1447
6194
2626
7804
3937
9681
8162
7773
4381
8615
2964
2219
7351
4925
7141
1435
3137
8992
5998
7159
2271
2903
6306
3541
5086
3121
2598
4399
9226
1848
3272
860
7982
5945
5436
2864
797
9928
3492
2491
1037
9091
8491
530
3495
7872
1118
4140
395
5393
880
1739
6524
892
3151
9063
930
9400
1123
4901
5587
314
5959
3995
1119
58
6266
3088
2984
4780
244
9431
6158
1778
1510
6410
720
1521
6964
2585
6846
7636
2539
3969
2294
8688
4823
1179
5691
1004
6749
3854
1663
3965
4497
6189
899
8266
6901
8442
5296
7951
5778
3919
2854
876
513
6671
2249
4493
4178
1844
9084
8399
2348
1662
8480
775
8368
5426
4986
4502
6186
7716
7014
3787
5456
4638
5202
115
569
19
1221
7816
940
198
8815
2574
8435
5722
7039
1301
3006
9659
7048
5744
9373
4134
7350
5796
1062
4584
4620
6346
3743
8185
7911
6209
5846
8395
6897
953
6068
5747
6642
9802
2416
1507
3913
3908
5356
6132
5475
9989
2732
4295
1164
8567
6802
9406
6727
4011
66
5998
6684
1931
9807
7552
7394
7600
4351
5141
3250
5375
1484
3874
9765
6562
9681
2325
4712
8724
7657
6485
7988
9339
3776
6697
5646
1875
2881
8453
8312
5261
184
9116
858
2144
6733
2295
6392
1621
7727
1997
7516
8465
994
6782
6523
7489
130
1424
6275
4414
4342
4993
4978
6947
7805
2084
3534
303
9524
4636
1212
7527
7967
3759
5372
2902
7585
2409
8641
1823
6932
501
9987
7163
7506
5868
2958
933
2039
9688
9392
6854
9110
4940
7011
880
8245
1954
6907
9607
7143
306
9663
3270
4569
3189
9682
8066
9787
8663
5281
2224
2592
9926
9110
5120
8739
2654
5353
7354
3256
8541
4618
381
6895
4711
2101
5590
187
2731
3349
2728
9258
9017
4236
9943
9460
9090
6423
2673
2519
4423
8477
4190
8425
5832
8366
6737
7880
2622
6671
2606
2516
4699
3687
4208
7541
4054
8950
3598
8161
1664
2150
2767
5198
491
7710
8393
1402
3599
9455
9613
7566
7355
3721
5154
6037
190
3670
7582
7243
781
2757
1245
2127
9064
8297
3666
9911
6459
6263
580
5224
1196
7751
9778
1120
8632
3480
5958
4302
9652
6890
3162
9655
8548
3454
7635
6813
9461
3215
6151
2937
7419
5797
6873
1184
2274
9441
5357
5335
1265
7587
1306
3897
4250
7888
8768
6064
6515
5001
9534
4709
8966
5545
5470
3936
5611
4626
1193
8190
9587
9640
2325
8307
5829
3243
3030
6384
4110
1886
5676
9465
5379
5821
57
509
8342
3569
2828
3461
4711
1786
3145
3570
2847
1687
4092
9127
2365
5879
433
5475
8652
8061
5652
2774
3249
3289
5489
8264
8150
8536
319
1136
4636
140
3878
5078
38
2244
1995
3583
6304
356
6274
2003
7851
1293
4326
7891
8318
144
1450
8569
8304
6161
2379
5617
3175
8311
5547
6719
3394
2187
3425
8391
3108
3260
1458
8745
1550
8641
3846
5011
6416
6010
5976
3929
6766
1733
1255
6520
7809
8028
7071
3582
7527
7661
8282
6786
4548
1604
6648
8325
2766
1095
1562
6072
6834
9777
8790
6733
2763
6708
9379
7532
8399
4353
3586
8809
239
2860
1639
1359
9487
5890
2068
3982
2498
1638
6328
2747
8187
2180
8668
7006
7626
9956
4200
4199
5568
1912
6404
9670
1419
2468
3528
1163
7927
1106
9373
9296
2207
6142
7847
2621
3325
7655
4558
8708
9007
9202
2923
4204
4532
1510
4521
7152
3653
7564
1288
3393
5446
5623
8263
2613
4899
5018
2087
1901
7063
4673
4
4553
6747
6750
8101
3976
4662
8051
5098
5698
9518
6665
6622
7821
5217
5422
111
9793
7259
1633
9899
3363
1518
9625
6588
1684
7982
5284
717
9539
331
4880
286
576
6838
9907
250
684
4246
8665
7843
9111
8039
4156
1070
1468
7959
1418
5064
2807
8924
6283
415
749
9335
1870
4418
5600
1200
1470
8996
1486
2147
5932
9905
2549
4796
1887
534
7866
8145
3020
4107
9321
9886
5908
2906
5235
9125
4021
7577
3553
5433
3873
7226
7261
5268
746
4556
6472
7699
4410
1821
3616
9246
6703
2903
9397
3958
3169
1540
464
469
5621
4875
4509
3601
8325
7593
5010
8105
7864
29
4598
6324
5492
6418
1434
2711
9310
626
8391
3152
8148
2411
1633
6092
3775
3063
8427
1150
6744
5022
6558
8094
2741
6092
8632
9256
2009
6577
8882
7113
2508
6610
7815
6469
3718
6029
3001
2167
2832
5729
179
6225
727
7817
7863
446
8729
27
9866
1249
6026
6200
4605
9597
6738
6072
442
1660
7392
1975
4834
5249
7521
9944
5707
5169
3865
1086
1365
9410
753
5355
4053
5784
8211
9859
5520
9020
7649
307
4977
7811
6605
3095
3552
3274
4581
5389
1434
969
9038
7939
3345
7446
2090
7733
8818
4577
7382
7422
6346
7954
183
8068
161
479
2253
3663
9750
6675
8424
8139
4793
3867
7923
9944
9339
7871
4227
7539
9187
474
6590
9185
6760
6094
983
722
8440
8237
9573
4923
3056
5865
6582
9364
1156
9322
9274
5134
7988
774
5255
9638
3720
2626
9806
6562
6725
2563
5809
9391
9889
2770
1563
9955
6692
1906
4813
6319
1299
2422
2473
2001
2404
8974
5267
7379
933
2549
5953
1154
5480
6074
2628
3110
2021
5964
7890
4074
7665
763
4679
4496
9763
2710
4341
1731
342
5219
9544
6352
4281
1148
7551
1278
3747
8616
7230
8866
3220
244
2897
5263
4150
6062
794
184
5620
1773
6343
7848
457
9129
3103
9288
5634
7388
9491
2384
876
74
2710
3207
8196
6429
5475
746
5547
6625
2267
6986
2626
512
4222
6642
1461
4722
6801
4788
9313
374
5542
4237
1433
2364
5100
1518
7190
3968
8479
1885
5969
1591
8516
999
7940
7202
8430
1051
1133
5742
1157
140
3438
4454
4772
8160
8473
7967
9542
6466
2769
2503
2366
5370
2510
6521
4672
1207
890
176
3958
6469
4812
3794
6992
9182
6003
4592
4425
8314
774
3364
327
9099
6635
1085
1604
3673
3212
8930
9800
2222
3864
6349
1556
3457
2139
208
3896
9813
6528
6425
4843
3255
5436
7510
4724
6271
3997
1648
7105
1607
7476
2577
4382
548
1602
4419
1898
7962
338
5251
2202
3718
3970
6014
4086
1873
6206
642
1579
8479
3863
9349
590
2418
2385
3793
4772
1388
6748
6612
7777
7969
444
1822
1923
9020
3846
1862
3607
6111
5975
595
2658
4843
7086
1757
2937
7663
5836
6705
9751
2727
9363
3805
5119
6222
3048
9197
3422
4963
5786
8775
7555
2064
7564
5594
6623
1677
1894
8772
5895
6945
5373
7194
8578
2411
7351
588
4442
3344
7999
9701
9225
4869
1795
8152
7087
6786
6412
8159
6406
7826
4859
5471
4874
8596
681
8665
3352
1073
8765
9579
1307
1284
5731
7648
2908
1739
9074
3458
5882
8343
4421
3550
1084
8485
8398
3444
6202
7025
9184
3027
6161
7428
3747
8303
2745
9275
9030
4372
4685
7745
175
4213
5369
8822
8276
2869
6704
6094
1016
8552
4041
5638
4709
1271
3868
7252
8287
5647
770
9507
5694
2216
7570
7707
9859
21
5557
1340
2299
3845
718
637
8807
3928
2000
3179
7359
4222
8085
6021
8600
593
4025
6514
9245
8997
2289
238
1605
5507
8149
2916
7504
6670
9598
2166
946
8510
4364
6046
3871
4239
6913
5403
5494
4163
108
5270
2483
9348
9755
3596
3691
5116
4650
9519
821
5500
8215
8871
913
5073
8771
1319
4645
7163
4567
1117
7733
3415
6354
7094
438
4946
6337
4049
1665
3691
348
5732
2439
5737
8702
7946
1172
144
4333
6265
8465
2852
9607
3463
5526
7824
7551
7699
1172
601
7834
8206
8483
4368
2262
2531
4239
219
3201
5171
8855
1161
1778
2980
8643
8107
9685
7083
2597
6883
3714
6080
3639
4791
275
6456
7666
2858
2542
3857
7897
3095
5667
1601
6211
2755
3818
7511
6947
6899
7629
655
4337
3848
3208
6911
5906
5987
8200
7990
8727
2921
2717
3601
2653
9088
5346
8747
4234
6452
4644
8828
2063
1031
3048
6016
7934
5100
2870
1003
354
6854
720
8548
8556
1215
4379
6453
9453
446
2385
914
2186
9875
628
2659
1336
6829
8394
6435
1035
2473
767
8392
5568
6071
8522
3299
9706
5370
8291
7783
2961
4810
2101
995
8404
4893
4496
6440
7922
4178
5360
6747
8448
3466
7476
8484
1457
7649
2311
1662
3255
2735
2470
1772
8493
2888
2916
1017
3501
4200
2113
8469
5246
6902
8707
7281
4279
3213
3185
4158
2728
9115
9674
9252
8049
8560
3309
9939
7545
5418
9620
6573
5020
93
712
5089
5079
8955
947
3037
8673
5824
1898
5311
2032
1445
4307
2916
7369
1710
2650
5777
3935
5849
3543
2076
9648
9684
4622
7740
5306
5693
8411
9705
198
9714
5113
2454
8105
5569
3431
9256
7340
9829
3425
3594
2607
6441
8590
304
4399
5649
2737
5935
9237
5366
1359
5453
8353
4203
5417
3726
4915
3267
7130
2118
6072
9397
4030
8349
9438
9103
3201
2353
8435
6977
1450
3150
2584
9067
6371
9577
4731
5913
7883
9726
7548
6552
7049
3054
7086
9619
4235
2054
3878
2031
7965
5434
4838
1755
8830
9451
4802
8259
1442
8660
7004
3020
7871
1854
7525
2786
3518
9657
8070
6561
51
6575
9604
3002
6621
1899
4562
597
5957
6917
4139
4074
931
1595
819
4231
8195
419
2341
8487
5279
5517
3375
7273
6839
4199
1461
8400
9202
7940
4067
2695
3082
7715
4615
8685
7658
7784
1083
5593
5381
80
1151
5670
7635
8835
3505
3913
8376
3066
2147
8582
5590
4125
5220
6862
7071
6220
6960
8901
4647
8095
6351
6923
9934
755
6922
742
918
8707
1705
8698
7180
7505
3539
8897
2801
4234
4945
9820
4777
3157
4855
9547
2278
3562
3158
7243
7521
1909
5835
5223
7620
7808
7978
3862
9293
3908
4100
5214
9389
7362
3566
3790
2553
5309
6090
1093
845
9695
2467
7841
4489
2758
3052
8774
2105
4584
2735
1048
2975
307
5355
6478
7375
1265
9503
8177
6694
2655
9976
7800
5047
9732
2827
1501
495
7232
5372
8938
2202
1774
1843
6923
6959
8131
4343
5193
1832
3663
83
717
1044
1302
9922
7771
354
8089
1870
2038
704
3109
2632
5330
2355
6154
3671
4388
213
4900
1534
1038
3436
4976
4008
6092
5760
7545
8900
6764
1437
5452
9592
3788
1948
6864
3359
2457
3660
3551
1338
3431
8943
1917
5437
7247
371
7269
4065
4906
3990
5361
7651
2871
3111
2236
8591
7449
2134
9687
271
8386
950
511
4329
6679
88
5541
7142
6632
3904
9589
8453
4046
459
9340
7693
7101
4866
684
6694
9586
1519
4671
8825
3642
3983
9151
7352
6864
9542
5831
8178
1696
1246
5304
8832
2380
3225
3604
3029
8265
6991
1116
7258
988
364
1890
1340
5765
1691
5878
5233
2811
721
6928
4506
8971
6180
4384
4829
7675
4766
8320
9994
8264
1536
7832
6843
252
9778
4026
5116
3825
3062
7517
4774
725
953
8004
5466
8831
6319
4494
1249
2282
7210
6158
5362
8192
1480
8981
7883
3539
5514
8974
6549
5275
262
1289
7624
2440
6343
5533
3223
4922
729
9819
4670
6411
6180
6795
1457
4365
419
5903
5820
8831
1208
9955
7831
9252
827
349
3768
7644
9024
6965
4777
8533
4204
9361
7445
6574
7045
6966
361
7634
8960
2811
2235
6523
9164
8137
6089
7332
4955
7317
8086
7181
3415
2843
6419
5337
8335
5932
3767
3638
1317
5022
2123
9276
5897
6454
6056
58
8931
2750
6376
3306
3429
8132
8000
7655
5607
3253
7949
1155
7639
8012
8812
6593
2520
1502
857
7795
3098
6717
2009
333
5009
6203
9866
2806
4702
292
5782
3643
7872
959
5984
6423
5129
111
5144
5024
2835
4578
997
234
8567
4909
1397
1395
7159
9523
3845
786
4666
4786
4430
3638
4627
4205
5853
231
494
2106
7872
1458
266
5453
6078
2869
5067
5404
37
2267
9510
7199
6764
7462
8896
8468
1430
73
1632
3499
8310
4347
9369
7423
15
1073
6976
4841
9162
1760
2917
4767
7767
9143
9695
9250
7189
4361
6568
8819
4198
3582
9531
1097
3566
4767
5435
3349
1602
379
1586
7591
4803
7856
6403
8147
963
5564
5352
7440
7899
6953
7613
5986
1211
8584
5731
9751
8004
7344
3005
114
7588
6587
4347
9647
5607
6008
4932
9823
1850
9787
9188
2412
1222
613
5210
1983
2662
3233
5293
6645
3942
380
1151
8563
3261
6050
4456
4091
3465
2281
6132
5938
3682
7290
2911
1164
1485
4129
5968
3280
5756
2292
8910
1814
6584
2789
2720
2743
3141
9811
8212
1231
2003
3016
7756
7157
7458
4488
5405
9825
9998
7234
5682
8539
3210
4557
9214
792
8859
4542
1805
8227
7269
5208
7090
4834
7969
8530
9557
4636
1611
6094
6486
7187
2482
3998
2304
4161
5997
5065
6329
8118
7878
500
5907
8429
4243
1516
7020
2442
6160
2756
4344
4771
2714
3025
9029
4654
9582
7563
4288
630
2723
9563
5004
1986
8109
7892
4960
6936
9749
2622
6059
7690
196
4831
6337
8196
3214
6989
7283
7031
2715
7597
5562
8435
7746
246
597
8534
7350
3754
4868
7176
1762
7150
4600
8487
5497
3508
1008
7924
7574
9981
8910
9354
2978
7146
403
8173
3944
2255
1032
996
1111
9481
132
6569
7124
8747
8901
250
6262
1774
4625
2910
9379
543
722
3449
204
7892
2082
8674
333
6730
8883
4846
5880
2003
5457
4334
1511
4467
1047
6793
8048
7011
9199
6757
4658
3909
396
2813
6363
3262
4378
8145
2197
1206
9857
7418
784
5111
95
1683
5626
1250
852
2419
1391
369
2070
5497
4020
2755
8971
7908
6160
9960
6791
1205
9008
1421
1288
5380
4628
7665
8067
6321
8713
3497
9035
109
2577
8459
894
8024
1219
972
6032
3032
9877
752
8401
582
2065
8527
3939
667
9031
1900
958
641
4226
4537
9276
4096
545
479
8624
9709
2424
8529
740
8373
2522
6196
9963
4043
8383
6910
9694
7649
7354
9948
918
7259
7169
8239
6938
7861
2474
3457
6916
5129
9319
1014
7341
7355
806
3325
8140
7846
1184
7722
7303
8393
6378
8887
584
6935
3698
8001
6061
5588
8925
1562
9188
7412
9478
3379
2713
1531
1056
547
6196
4771
9647
6389
5393
3852
919
1603
7711
2642
9180
7495
7163
1754
7802
3733
606
1324
1941
283
9125
4088
8079
103
8322
1552
1309
8918
4822
317
9843
2430
6073
3102
7346
911
3323
5583
4955
3155
8026
7953
8301
4955
6021
3480
3337
7948
3717
6659
5179
241
7305
6442
7079
3769
1437
5782
7328
4722
4989
9030
3149
5264
2998
5610
6669
9744
7073
6327
8018
9277
5235
514
8398
2056
4187
4188
9163
5507
4092
8640
2164
2580
7490
6170
9989
2132
4480
3674
4104
8396
5301
8525
9047
4570
7403
2355
5893
8827
4115
9038
2476
5605
2001
4097
5833
5046
7854
409
1448
8277
2888
2238
4852
2571
4383
2372
8133
4862
9105
9389
7642
486
5522
7617
1355
2285
6361
4004
3740
1465
8191
3881
7191
8171
9049
4917
1496
9891
8881
2957
8886
4095
2828
6840
4282
819
4023
3359
366
7972
5543
4178
7598
5454
5311
649
657
1660
4017
5039
7928
7396
2972
5393
4176
7031
4672
3419
2201
4407
7491
2971
3070
6644
3996
3078
2817
6409
682
4496
5412
3404
3289
3317
4550
377
4842
7387
6472
2277
3571
197
3578
3427
7462
5383
6037
2854
8633
3145
6238
5482
4434
9148
6912
1420
8485
2644
7227
9538
6623
1319
6540
3212
7753
6091
5678
1731
1214
8864
9296
6170
8930
4111
941
6639
8812
4361
576
5199
4286
7187
8636
6729
6974
7874
9150
583
2196
7682
9122
7961
1617
6239
1265
979
3813
9397
1359
3657
7647
9425
3822
3953
9112
2643
7650
3907
9566
9296
6767
8071
544
3219
214
4053
7909
5715
1345
7829
3627
6910
5508
6651
7790
4595
761
9294
1361
3094
7359
2836
5832
3071
9237
3594
3217
1772
8060
6457
1673
4561
4486
3229
1352
5011
1448
1407
4800
7529
254
721
6910
1052
817
8447
4392
2542
1408
6
650
4415
6139
9662
560
2514
8470
3200
9817
4805
5669
5805
7030
3853
625
7324
145
9860
4149
3833
4070
6827
4190
5850
3699
3721
2264
9107
8787
9024
6174
6764
1751
8859
504
7690
8008
8454
3877
8350
3693
8060
393
1289
4431
1283
917
9984
1524
749
1079
8120
5913
3980
6354
1275
3545
2200
8415
3514
1630
8585
7640
204
4350
4575
210
9842
6588
6951
9083
7801
5469
6946
6447
8220
2518
1110
5832
6225
9238
7076
5326
3817
7240
842
5492
836
2587
1765
7993
7559
4474
6830
4646
5690
2754
1253
9391
5744
968
8227
6813
618
9128
6713
7827
7560
7068
5388
9027
9045
7698
8771
4904
7469
9599
2685
3097
5665
5469
169
7608
1164
4474
1504
9342
1482
5574
5298
2993
4328
1153
1054
9003
8369
9886
5787
5696
9273
3
4414
7473
9756
8441
7403
6189
5989
9686
7482
6131
2884
4275
7039
256
1531
4392
2228
8964
6666
5808
3969
7619
2680
3691
4478
5455
4502
5409
1776
8466
1615
4767
543
6166
3118
2505
2471
7147
7054
5346
7638
1026
4780
8907
3883
8301
6249
4125
2521
5282
3072
5150
1484
8250
2220
2703
2894
4100
3304
5644
1093
6031
2976
4268
624
9884
8423
6992
3751
3870
3315
7168
1730
1849
6452
3631
9836
301
1146
3820
8895
3962
7522
8226
1838
9502
6439
4240
1076
570
1080
4087
7066
5574
3999
1284
7916
7128
8950
8520
4390
7027
8731
1298
6324
6090
7824
6452
8257
2997
5348
4890
8148
5211
3616
9303
8607
4382
9432
6798
1233
7672
7171
8962
844
9757
1928
9346
5650
9100
3022
3724
8459
5957
8916
3436
7255
1327
8443
6914
4448
9215
2344
6534
1549
8388
9154
2425
7309
4067
786
4136
281
7146
8206
2057
8479
4682
1549
9822
848
8245
2000
3461
9736
6515
6479
8471
7648
4572
7273
6061
3694
662
1657
8393
9351
4157
7270
3006
6173
4981
3535
8973
5133
9313
3036
6785
1470
9658
3898
6565
9375
5200
6413
9374
9749
9695
3630
5932
55
9150
2661
799
640
1147
2209
9284
3675
8859
8120
7092
7342
7441
761
3685
6778
8181
5976
8518
8031
2466
1518
4819
1878
8909
1007
3798
6407
2779
7610
4326
9155
399
6671
8207
7665
2019
6300
6583
6224
6049
5540
8192
3858
9114
6782
4518
1060
8758
2283
1750
9783
9125
4686
9384
8846
2557
8088
2687
9667
432
5971
1958
9653
2407
1376
8920
2836
8813
8540
9150
2364
1926
5788
7467
9807
4311
6472
2480
1485
392
1676
4203
5303
260
7597
4409
6004
5088
9567
3060
2879
7604
2531
8253
3803
9026
4490
7171
7203
3892
4247
3001
3064
2314
1516
8292
5833
8441
928
939
7321
3031
3451
1877
365
3472
7056
4846
8503
8594
5119
3509
5112
2190
4881
1261
6500
0
3936
4342
6551
1378
5313
3557
8741
9739
4792
7169
3299
9728
5269
7029
432
7870
4271
2695
2642
7434
9916
4406
5415
154
7000
198
9697
8436
442
1839
4860
3882
9871
6641
964
1321
8188
9019
8955
7322
9235
4292
3513
7123
111
2738
9524
1114
1404
6071
3340
6815
7166
7787
9414
6595
9492
2352
6925
5742
6018
6499
8630
2926
8983
9327
244
2164
7226
4583
7233
7770
7838
8966
8242
3951
3066
2797
5132
6344
9647
1170
8300
115
3236
7524
7421
7701
1922
9517
803
7277
1174
822
4299
8483
5334
1493
9891
5914
8317
6143
3266
8220
925
8461
2356
2086
9838
2810
6890
778
4382
5974
6692
1233
7247
643
2517
8891
1390
5635
9153
859
6202
9738
7639
5512
5416
5847
1318
4132
728
7594
6589
1135
6287
940
2289
4024
5551
7601
6343
1132
2128
4909
6932
6422
533
271
4081
3894
4523
4052
774
8920
9554
1878
430
9217
2146
8734
9043
6216
8996
4493
