-3330
5142
-5622
7935
5767
-3572
-3664
2531
8545
-4838
-9803
5014
389
8011
-7266
2332
-5463
124
-3479
9899
5293
-5978
-3936
6396
610
168
-8156
-6289
9265
8857
-3845
-1816
-431
-1834
5434
445
-6170
-2024
4022
7413
1867
-4098
-9198
-7952
-4133
4217
-4795
63
2305
1128
-3273
9281
6304
-3960
6638
-5216
2530
8550
5812
-2866
-8451
-3244
6832
-3789
-4047
6823
-3630
-8892
5326
2600
-9330
7892
-9110
-7104
7215
5024
2564
-4257
-5695
-4178
9717
-8189
-2212
-62
-2453
-1772
1366
4052
-2650
-3919
-9719
-6834
9948
5896
-3568
-7530
-4893
-415
-3543
-4441
7325
5615
-3943
-6676
8721
-6127
-5959
9170
6046
2285
-3936
2949
3064
-9998
-2950
-1257
7016
-3816
-8800
-6726
5808
4704
5707
-68
335
8332
210
-34
-3304
-6637
-2406
747
4648
1017
821
-9615
-8724
-7173
8968
-7157
-7976
-5442
-9739
868
8302
1072
7313
-7869
3789
-4175
-124
-4992
-660
-7381
-8964
2335
9973
9757
-1020
8031
6512
-9130
1931
9387
5535
881
6849
-9424
-7272
9139
5325
-9058
-1980
-9782
7925
6792
6331
-7785
669
2729
-1338
7910
-9472
4095
4785
3754
3868
3250
1216
2725
2760
-9574
5237
-1607
355
-7293
3546
-2610
7122
976
8445
2833
-6889
-26
2841
1309
5829
-3729
2220
-5867
2728
-839
3891
1906
-5685
-4467
8481
-9384
-5005
2091
6605
-193
3537
-5556
3201
-2351
2029
3265
-6964
-8209
-3632
5542
-6879
2885
2064
6154
3338
-2492
-7576
-686
-7520
-3411
8693
9023
3700
-7163
2204
-1629
-6330
3862
-4624
-6030
-4980
674
2799
-2186
-7083
7335
-6448
2998
-6151
4422
-8969
-5049
-6029
-8320
6222
-7048
5694
7344
2297
8785
3447
-3181
5449
-7048
3185
-5694
1388
-2137
-2354
-1546
-3158
-3449
-3537
-9117
3869
-824
166
104
-9910
-1092
1636
-7368
2662
-173
4219
4345
-2593
-1572
-7985
4079
-5063
3332
6521
-5270
-3905
-6836
605
-4113
7989
-2320
8889
8897
-2180
8630
-451
5264
-4522
4482
3502
-4201
-5037
4953
6711
3560
3993
8352
507
-4189
-8814
2218
-9317
-1253
8664
-1461
-7596
-4517
4905
-4798
-2377
-362
7072
9190
-2553
-8091
-8545
4767
-5985
-5507
-8034
-9566
-1528
-2168
503
8629
-7486
6320
6672
-2505
-4460
-1318
-3432
5174
2215
1673
-7781
-1809
-4561
6194
-9749
-1712
-8900
-747
7682
6798
8978
1274
-9465
1614
-3678
1938
7752
-5589
1241
-3608
-214
-7749
8083
6270
-9499
-1088
-3324
2389
-2738
5895
-7142
6462
-4835
2554
6471
6936
5720
8290
5303
-6883
4075
7447
-5849
3823
4760
-7513
1733
-9169
-2751
-2278
3371
-4477
5536
5869
946
-1531
-4363
5733
-6693
4444
8669
4398
1066
6944
9074
4279
3517
2165
-7510
1535
8805
-8542
-4670
-561
2428
9689
-1819
3815
-7950
-3108
1070
3625
5835
327
-779
6501
-7761
4893
-3637
5333
9503
8149
1734
-7238
-128
2176
5232
-4542
-370
-9736
1521
-3718
7609
126
-1539
-6031
9466
3085
1242
147
1513
-2970
2229
7789
-5232
-5347
-1810
-9381
-6701
-826
-113
8496
3955
2236
2853
-6628
-1780
2018
-1886
2197
7092
5950
-2697
766
3028
-4393
-1507
3094
-8187
131
-2898
-861
-8048
1519
8273
6621
8993
-61
326
8617
-5119
-1237
9943
-9518
9669
3138
8681
-3938
502
-2293
-3436
-650
-4758
2318
-4459
-5002
345
-5016
8682
-1761
-8716
1051
-6927
-7203
-1255
5672
-6314
-3459
-7454
1805
-4535
-4450
3428
750
-9852
6888
-7536
-1363
-4487
7282
8128
7800
-5384
4045
-1503
-2442
-3144
4813
6447
-9160
1400
9364
1203
-8214
-3886
3682
-4587
-6657
-3056
2174
-6663
-8466
3562
-84
4394
-5438
9624
9509
-5800
-8095
-1853
-4860
-1149
-8337
-2522
-2793
-5945
4501
4821
-2233
-9065
1510
9442
4719
6639
1922
5186
-3893
1986
-2794
-5760
6771
-1178
9522
-7181
-8115
-5417
-7906
5803
-2955
21
4999
-4007
7691
6207
1574
-5999
5467
4837
6039
-5458
-8270
72
-7637
4642
5153
-805
-8295
2742
-1007
9666
-7768
1077
2645
-8060
4854
8528
-7232
8059
-8040
-5266
-9267
4259
-4707
-6672
-6326
-5040
858
-6170
1037
4948
4820
-5323
1373
1256
-4863
-7635
-636
-7585
-3713
-1929
-3400
-5974
3218
3911
4986
534
7054
453
-6027
-5738
6893
-5017
-509
7571
-4756
-1519
-3862
5597
-9419
-8671
5343
-3281
7473
1877
-4558
-9985
2080
4716
-8748
-2505
-1025
-2771
-2513
1071
1773
6489
4632
4019
-4630
2389
-4834
-7045
2858
-7720
-4233
1606
-3659
-3155
-5361
5332
-9021
-6289
-938
9361
-914
-741
856
-4573
3076
6610
-6246
9148
-5520
-7621
-4752
1361
-1954
3556
5484
7814
1920
6457
3925
-5349
-7683
8788
-4378
6666
-5554
3111
-1404
525
-4289
1629
5054
9410
1637
-417
1281
-245
5749
4780
1435
-3532
-4186
-4653
9740
5299
1323
-4866
-3863
1497
-3869
9630
5994
-8289
3472
7442
-8738
5416
-5197
4144
-9781
-980
-1351
-4480
9529
-464
4482
5310
4016
5068
8978
-1469
-1589
-94
-7514
-9700
-9787
-1567
199
5732
599
3034
-1804
2466
-820
-5981
1151
6020
2244
4114
898
3317
-5873
8965
8124
8437
-9778
1815
9776
-1579
-5776
-4037
8710
1924
4549
4582
271
5708
-5588
1844
-6952
5947
180
765
1358
-8455
1591
7707
-5699
7521
-8204
6330
-4603
-9974
9841
-7944
-8061
-8905
-1018
-3460
9719
5299
4335
2736
7785
-1880
-150
2457
8651
4538
9717
-5092
4282
-5542
-7830
1897
-4349
-3810
4593
-8166
6110
-6925
4041
7640
-6979
-6574
-9361
431
1642
8880
7502
4230
8962
-557
7950
-6589
2096
-1123
-4934
-1728
-5173
-3487
5123
1904
2465
-7698
3119
220
8023
-5639
-5698
9009
-2281
2230
7236
3411
-2223
-6665
-2750
3103
8293
7551
-8162
-5761
4890
3242
2240
2064
-8055
5161
4658
-9065
-9744
-9193
-9210
-8342
2714
-598
7666
9677
-3630
6518
5766
-80
-2457
6774
-9005
-6022
8222
8227
8666
-1185
2486
3323
-5744
-113
3460
5042
9708
3590
-8980
-2578
5769
-5456
-6935
-226
-7070
7907
-170
3663
-7933
-8165
2475
-3446
5168
-8254
3391
8587
-1503
1776
-5357
6002
-1144
-9556
-9591
-5011
-87
6671
-3383
516
6167
1963
-7483
-8747
-7254
-8305
-1703
5841
2548
-573
-2162
-4713
-7258
-2381
9131
8241
5934
4401
-1785
4680
1875
-1036
-2850
-140
-4906
3466
-8947
-883
-6475
8863
-1855
766
-7305
2372
1232
4436
-82
3997
-5035
-4959
3126
3739
2476
3456
-8135
-5983
-2333
8387
6838
-2277
-7453
-1612
6769
-8078
6946
-1862
-4538
-7969
-1143
-9585
-514
-1237
8416
-3514
8557
1284
-1831
3705
2797
-7641
3367
3069
-3426
-9667
-456
-7390
-5976
-2393
9628
2448
2258
2949
-9453
7170
6809
-1293
-249
6685
3987
3980
6615
-7056
-933
-7538
-3022
-4475
-2634
-6683
-7272
-9764
5115
9933
-8988
-2813
7896
8825
-6403
929
-540
-8087
-1815
-5391
9539
1868
4745
-6144
6644
-9586
117
9036
4081
-1238
9684
-4882
-7026
-9242
4596
-3205
-112
103
3489
-3745
-6653
4821
-1795
-5485
4860
-9074
8803
-4658
-1831
-2964
2347
4110
-7360
-5448
-3638
7838
4827
-4819
-7098
8481
-4418
8706
9396
-189
2990
-1018
4484
7435
-5126
5627
-1216
5891
-782
-6414
-9764
2121
8847
7362
5167
1870
-1517
-1358
175
-861
-8359
4310
6250
-552
4520
-5855
-7487
-2519
-8373
-6918
250
-414
-3120
-166
-1401
-6835
-8711
6862
-128
-7570
-7270
836
-5792
5800
570
6410
-8649
9065
-4644
-3548
-8712
-5010
-6122
-6497
-6796
1371
3604
1094
-7044
-5793
-6112
4549
46
-5844
1612
5423
-2994
-1031
-3940
9748
8373
-2915
1346
6161
-1080
-5356
9264
-2970
-3957
-1909
66
-4199
-8289
-177
-1341
-7594
7999
-3987
9846
7830
-613
5783
9695
-7624
-3442
4481
-3389
-650
9028
-3896
-7379
1668
623
-2683
3407
4348
-2417
-1543
-7980
-390
8986
-7994
-3720
4823
7912
-724
4254
3856
-4120
-8363
-6691
4198
-3520
195
-3403
5847
2674
-9297
8672
7890
-1706
5699
5898
-6853
-4216
-2004
9932
7314
-2749
1777
8544
-9136
3727
3278
-9789
-9187
-1266
3310
7186
-5547
8783
-9099
-7368
2822
-4350
15
5459
4285
8806
-9768
6595
-2476
8161
1486
-560
-6518
2701
-5827
-4465
-9456
2076
4681
-2465
-5751
5833
337
4687
9633
-5958
-1464
-8976
-9336
-7689
-3108
7050
4565
5006
8734
-276
5508
-3885
8139
-3896
110
-5111
1614
-6815
8701
5206
-6418
-2409
5061
-2981
-8603
1794
9154
8876
-3703
6447
-661
-4713
8774
2218
204
3187
-8862
211
-3210
4070
3462
-9049
7121
-3644
-9879
-6308
9461
-2560
289
-1512
-7450
3558
-7490
-7195
-4422
-9249
-1118
-2702
-715
-9180
551
9520
6835
-3237
2166
7006
7601
5910
9614
5475
-639
-1904
9583
-6512
-6934
9535
-9277
-5622
-1659
-3873
1344
-1920
5742
9
-5649
-2610
-5619
5696
6619
-7095
-7187
5864
1374
-5883
-1168
-8004
7461
-7441
-4812
2145
8767
-9310
-9562
5534
3595
3567
8389
2600
-1963
-1731
3478
-1201
6111
-8960
-6651
-4726
5644
-2221
7436
1020
-991
-4524
8703
8667
617
-7545
8403
-5625
6132
-2657
-8842
-6685
6748
-1820
8242
6008
-7200
-4725
-1919
4531
7269
-8161
-4174
2467
-6770
2685
7579
-3188
-7120
-6787
-7058
4149
3980
-3902
-5542
-7713
-5432
1802
3084
-3853
-3998
-2294
2856
2659
-6710
503
-8111
4906
5530
1995
-8949
7951
1862
1474
8263
-9645
-9136
5403
7560
83
2691
-697
4791
8613
9033
-4201
5980
-4021
1987
5263
-3010
7370
3420
7059
5780
5597
9675
7472
5370
-4624
-6115
-8149
3573
9820
4890
-8505
7829
-2487
3025
-2233
-9005
5826
3696
-2963
-4413
8324
8426
-5995
241
-7859
-5052
-4804
438
-3311
2775
5648
-3465
3976
4483
-3166
5823
4393
2100
8684
6624
-9957
-4006
-3185
2998
-1467
-8715
-3710
2516
-4466
1940
-5904
8998
-6400
-7407
-2245
-7387
774
7078
-8014
-6959
2059
7410
-4489
-2713
8299
52
-7575
448
5483
-4495
978
-4453
-219
-4721
-5458
6132
8746
-7689
-936
-5825
3142
-2907
-3915
-9374
6074
8061
5485
-5629
-4893
9203
-986
-6300
-9921
-7804
4841
-5433
5356
-2523
9613
5153
-1401
-3896
910
6330
2006
6543
249
2985
-9156
4430
1871
-3530
2829
6641
214
6025
-6003
1436
-1802
-4786
-4737
-2450
-4172
-8668
-2896
-3297
880
-2963
-8506
9691
-3708
-6027
-9798
-9681
69
7872
-2776
-4045
7007
-7976
3351
-7106
-9578
4772
3652
7336
1285
-5573
2340
6605
5497
-8021
-8
-4397
1053
5912
3572
-704
24
-9917
7319
-7057
-1725
4954
-8029
-1723
-6867
120
-1885
-2312
-3560
-3567
-5397
4571
3089
9990
-2702
-2686
5492
-5399
3862
-7133
-6214
-8068
7586
8273
4464
-2201
6738
4873
-1328
-3028
8932
-4379
-7926
4149
-5921
-4632
9283
1638
-2872
1261
9182
-1653
-5711
8039
7533
4824
-5025
-8275
4120
1328
8366
-9218
5694
2645
623
-311
9163
8800
-6554
8515
-9208
155
-5320
-8894
9784
-19
-3327
-4748
-2806
1071
-1923
-8107
2669
184
-7857
-1955
4312
-2365
7135
-3519
4779
7596
9822
5236
2151
-4276
-8510
4969
-2777
-8315
-6656
4912
-1198
4046
-3573
2832
-7296
-1669
-8401
-2024
-1702
2222
-4478
-8054
-2867
-8569
6361
-5303
3428
-3674
4706
1299
-3756
1139
-6752
-3350
-4119
5563
4930
8438
6320
-3800
-4513
-4720
7438
-2319
4443
-9566
-8356
4689
2558
8242
6138
9430
3542
5832
8107
125
-5109
6642
-5935
-233
6246
6653
-4013
-8014
-3121
9189
3627
8202
9391
2238
5887
890
4917
-3760
-3620
2793
8805
6992
-2185
6005
5589
9565
-9839
3545
5889
-9961
-2163
-5917
-5338
7422
-906
5681
-2611
2198
5644
1030
-4238
3999
1229
-211
-5011
-8963
8069
4819
-5354
7166
-6708
5350
-1019
-950
8624
6314
-3581
-2481
-7297
-3528
5914
871
2331
-1759
-5709
-6531
-7933
4207
579
5130
7733
-4689
-4214
-3820
-2054
-5884
-5573
-7934
-3323
-5844
-4860
4568
-8576
7084
-1383
890
-1722
-5888
-2213
-1552
927
3253
-5421
9858
-1413
9764
-8146
-4843
-3004
6430
-4570
8350
-1162
-9668
-6112
-4305
-327
5391
-2554
4336
9624
-156
9684
8225
-6521
4677
9598
9278
-3019
9184
646
2507
-6787
6720
-4742
-3550
-2601
-9840
-5320
-5749
-6241
8427
7026
7685
-6232
-1659
9369
6929
-7137
4072
-9463
1283
8812
9611
-8393
2229
-3203
-7277
1033
-4910
-5898
-2606
9952
45
7966
1554
7593
-2126
4725
-4693
-832
-6040
-3331
3328
-5519
-4562
-4785
-629
-719
-6829
5219
2145
-857
6807
-2101
-4777
514
-1348
6719
-2858
5930
-7333
-2164
-167
-4448
-8778
-679
5608
-8943
-4916
4606
-5647
-5635
-2817
719
-7914
7156
6561
-4043
-7041
3083
9399
-7459
4247
-7415
9791
-3237
1466
3457
-2523
5976
-5549
-3371
-8303
1796
2140
3470
-2244
-8061
-4816
-8881
-9214
-3540
4161
-3381
8832
9033
-9914
-7698
359
5024
-7089
9521
-4109
2757
-9419
-3793
8597
3709
-1247
-2012
-1642
5639
3278
7890
2596
-693
-219
-6470
3212
6439
-1219
222
3756
6690
-9045
-8641
-2808
7373
-1532
-2398
6103
-433
6187
5968
-2526
8263
5336
2757
9495
-3946
5732
779
2926
-8368
-9620
-7212
4745
9554
3016
4819
9695
6962
-2512
7042
-5103
6556
-6048
-8354
-3710
-9079
-4667
-3561
-7775
-470
5553
9671
7328
5274
3045
2687
2310
-4102
-3525
-5089
4478
-8256
8130
-318
9869
-4092
-9611
-5994
-160
5305
-4881
-2816
-3932
-8517
-9389
-9257
-5666
-6139
140
2980
-6524
-9118
-3745
3497
6083
-8057
8986
283
5668
-8552
5244
3453
4771
-8593
6239
-1013
-3825
-8662
8284
-7535
2317
7755
9567
-1110
-3533
6449
3723
-8921
-233
-5051
-9501
3958
-3271
-3033
9468
-8969
968
2756
4913
-736
2299
7959
-3880
-3971
-3262
488
-9936
-2671
-5227
5211
-4910
8074
-7826
-5698
4744
-5171
-6927
6439
8521
-9638
5465
6817
4114
8361
-413
-3133
-1109
-5420
-6657
-7946
3230
4262
-795
1293
-6545
-7405
-4718
3351
-9355
3364
-2774
6320
3229
450
3989
-6185
6013
-4158
8110
520
8150
7972
7578
-7928
7376
-7626
-3225
3815
7703
-6330
-8931
-2983
2199
8713
551
-6354
8286
5037
-7711
-6200
-3684
-8362
7483
3949
4811
9267
-9937
-4819
-5708
-7460
-6037
-2210
2407
-7200
-9703
-5915
7719
-372
-5298
-3928
5532
-7992
-618
9282
-8867
90
-647
-8086
206
3300
2859
-5174
-7836
-9142
-5151
-2470
-4135
3497
-3029
1930
7866
3328
-5416
8550
3851
9475
-6593
-6325
-2931
-5594
9636
3928
-56
5405
-75
-8962
2521
1234
-3593
-3192
-8121
-5050
-6639
2825
-6866
-6885
-6373
5991
-5857
-6576
7558
6542
-5883
-5551
1561
4905
-9160
9137
-8827
-9648
51
7807
5422
-3020
-5270
-9231
-3967
-6144
6776
3333
2677
1718
2532
-6451
-6426
-2108
-5517
-6401
-6769
6862
-7151
8703
-7470
9122
-4222
6391
1684
-9220
1007
9334
-1876
-2661
-5095
-7847
4228
9642
3200
277
-4707
-1425
-8525
-8911
-227
2026
-4582
1497
-5247
1470
-3731
-1887
4880
-9238
-9497
-8188
-2817
-951
798
4712
-8347
5275
-522
4150
5940
2629
-196
-7356
462
-9472
-7960
-9139
-1317
7587
-3783
-1859
-3219
8644
2160
5920
-6488
-933
4787
8664
6605
-5322
1565
3038
5693
-4824
2493
-9000
8568
-4495
-5974
4887
5884
-2810
4746
-6371
-3544
-6566
8120
9833
2437
3412
4541
-3576
9253
688
-4785
-6229
-4990
-5228
-7622
210
-3097
-5065
-3759
4466
-852
-3446
-960
8978
9106
8868
903
-2654
-8275
6040
-4285
-7839
3061
7260
644
-6326
2278
3509
7083
-1604
-8723
-5250
7784
-3223
6809
-8072
8475
8460
-6941
2723
-4225
-4077
-7340
4951
9605
7610
9733
2121
6434
3940
-8702
-104
-8542
-1141
-654
6128
657
-7417
-3925
3414
5333
-941
9092
6574
8531
-7903
9833
-2138
-2869
-1456
3226
-7849
1177
7546
7090
9754
-6600
-1173
7251
-8210
-9467
7046
-1313
-2113
4575
1039
-6708
9095
2206
3736
6170
9980
-1579
2648
-9129
6898
3980
-1871
-4955
-7471
-5028
4127
-9224
552
-5470
1257
5208
-9171
548
-1255
-2459
690
4618
6071
7279
7999
593
-5059
2604
-4704
8756
-2347
2475
450
8704
-8244
5306
-520
8448
1631
-7286
2475
3817
3246
-4395
-3231
-4807
9551
8483
3423
1007
-5690
6529
-6270
8249
937
8625
9916
6343
3458
1026
-4297
8192
-3839
-3792
2496
9735
-5483
-5118
-1623
-2243
814
9423
-8503
3024
-6503
4986
-8775
-6401
-9869
-4284
5881
9231
-3365
-1983
9390
-4962
7733
6986
7620
4023
-2363
-4655
8269
-7046
5320
2595
-637
9421
6307
4974
2667
-9680
5494
-1764
2939
-7454
2316
-8745
1862
8657
-4664
5286
-1487
3799
9819
5590
2443
4228
-6949
-1927
-4032
7032
-5873
6920
9634
-2124
6626
8664
6015
-1887
8010
8158
6641
-7099
4511
1207
2436
-2871
-8540
-4167
-2175
6852
581
-5448
-5984
-1866
-8608
-3836
-9457
-3499
5852
6131
-6666
2291
527
-9611
-107
-3111
-5921
7143
-3970
-1631
-5198
3125
6859
-7065
386
9167
-9696
-1186
-7002
9417
2417
-4159
6613
-3025
969
27
8589
4420
-5091
-5775
-6610
-8728
3901
4981
-5676
-755
-8241
9900
-8791
-3884
3668
289
3077
6618
-5661
-6399
4662
2968
-60
3648
-6955
-5796
7006
-6798
1882
6972
2645
-7518
7652
-3047
-2381
-6533
1704
8281
7223
-8948
-3882
7485
5476
7485
437
2080
-8304
-642
5730
6518
-7654
7163
-731
-8752
-4281
8507
8385
-8648
6391
-8709
5444
9924
9157
1873
3546
-8457
-9383
5270
-4292
-9829
-87
-5830
3488
1526
1457
-8687
-4921
-6714
-9523
98
7911
9978
6154
802
6016
-267
8919
-3441
7045
-1807
9480
4799
9716
5982
-2090
7280
-2205
8544
-5211
-7847
4251
-3639
8299
2500
-485
5953
750
-5919
9109
785
-3561
-7661
5023
-4913
-6589
9431
-7989
6580
1279
-6843
4779
988
2008
2543
-9693
3277
7
7188
-4124
-5377
-5041
5641
-275
-2010
-6924
-1142
-8324
3326
-5949
-1990
9794
-2322
1834
-4284
-5158
2881
5681
4990
467
-319
-6337
6593
-1945
-4894
-7478
372
4243
-8851
-9175
-299
4648
-2716
2797
-1523
581
803
-1619
-1533
-7272
-5846
2802
-7766
6321
3651
-6146
-5011
-7106
-5462
-1934
-1379
7283
-4190
-1077
2728
3891
999
-8724
-6975
4882
-9545
-3124
7616
1377
-9196
5478
-6966
-9016
-1490
6727
3685
-5251
-7225
-8699
-8364
-3370
7958
-6927
-2835
3512
-5877
-4970
-7607
-6782
6502
2699
-2636
2058
-6703
-709
-2265
2898
1926
3547
962
5291
8227
5883
5343
5240
8679
-8925
8725
2952
-9758
-4271
-3170
-6374
4128
6900
7268
-3876
4414
872
3431
9629
1429
-5842
-8044
5916
9385
860
4110
-8210
7851
970
-662
-5516
-4145
-5595
-3586
5672
-2424
8745
-1451
-1754
588
4933
8397
5815
6550
3451
5171
4092
-4498
4145
-7504
-8671
5866
-2850
-7926
1406
5859
5260
5442
-4192
-7086
3206
-1780
7894
2257
-9647
7867
3097
-3253
-3021
3931
4575
7318
-1689
9528
3199
-3574
-3095
4260
432
6674
-9697
-3845
-7048
248
-1805
-783
2721
4126
2606
5111
2835
1791
-8699
-1804
11
-8456
9770
-4218
-2311
234
1229
-860
-5729
-6813
8618
9700
-2010
5447
-501
598
4141
-4400
-6972
-1301
2159
3484
7777
342
4699
-3385
-5689
2470
4199
2051
8560
-6710
-6915
8582
1996
-2455
4932
4824
-5705
-5340
-972
-87
1597
-2765
-7897
6500
-5639
-4168
-1439
8252
-3043
551
-4411
9267
1244
6210
-4020
1558
3829
-8730
7035
-6631
966
8117
-1937
3197
-9999
1797
-9613
-83
-9115
4958
-7852
5963
-7614
9518
-739
6061
7992
-4842
6452
3245
-9034
3231
-7758
280
2041
6411
4951
-4992
-9112
-6906
9378
-4507
9075
-7534
-4419
1919
-4161
-8301
9121
-3545
4417
-5166
-5806
-1438
-651
6211
9648
4466
1335
7848
-2543
5795
9634
9794
-581
662
-9980
5185
4180
-446
-7861
9415
4236
-6462
-6543
5780
-7138
-4185
-2859
-1950
8389
-9535
-8897
-7834
1909
5933
-5333
9032
419
-4287
-7489
583
-9694
-6574
-5751
-6849
-3675
-6644
2383
2546
6382
7613
-2547
7404
-5257
-1456
-4521
705
7403
-5944
8683
1386
-9245
-6934
-8663
-2237
8157
-7981
4808
-8193
6806
1180
-8903
3823
-9030
-4182
-8127
-8417
-6675
-5113
-4269
9995
7358
3402
-2628
-4855
-2897
-1378
-7533
-3461
-1576
4577
-3847
-1174
9865
-5878
-5340
-3876
5838
8845
-4059
4301
-1780
5872
3528
-5932
-8859
6000
702
5664
9111
-1374
9333
1805
-7469
3079
2628
3488
-5228
1807
-2851
-8587
-7823
-578
-9345
-571
5274
-8874
-8309
-4201
8820
-8330
-1978
3898
6480
-7924
-487
9659
-6315
-3173
3712
-6282
-8972
-7897
5638
-6622
-908
-9802
4242
4605
-2486
-4544
1350
1863
-6800
-8582
2892
-5022
6561
-9129
-6639
-2386
5082
4948
733
3981
1472
4355
6705
4276
-1618
5412
-5920
-1705
-3494
1460
937
-53
-7834
-5552
-7227
4173
-6014
6462
-8603
-2019
1244
-5026
1515
3476
5570
-3733
-1810
-5949
6750
-236
8892
1611
-3586
-4107
8322
2910
-989
8876
618
1772
-5087
-597
-2987
-1829
2380
9215
-426
-751
7047
8426
151
-3934
-7246
6845
4675
7608
-4090
-6435
-3646
2254
-5366
-7770
5454
6462
-1312
1309
1021
-7950
-6516
7520
-4807
419
-1351
165
4627
-2055
-2347
4788
882
-6486
-2025
8792
2865
-2111
-1697
5848
3393
377
47
-2574
-7878
7572
-5434
9908
5698
5154
-8143
-199
4193
6991
-5072
-118
8221
4659
-8826
-8937
9616
-6867
3903
-2229
-3149
2130
6598
-3237
-1618
-5097
2363
1430
623
-7826
-6370
2346
-2594
6515
-7816
-7180
4104
9506
-3016
-752
8759
-3678
-5876
8390
2313
5680
4187
-8802
-9322
-8853
537
-4510
-5892
-4589
3744
8696
6555
3889
-3748
6287
7661
-8808
-1186
-8016
9817
9897
-6553
-7827
2297
204
-7022
940
1427
-7923
-9940
-9760
7803
-9992
-7198
-7238
2798
6700
-4701
3505
7081
-8751
7476
746
5467
-9406
1456
-7692
-149
-4635
-7572
-6318
-3483
-4023
-7337
8178
-9902
-4404
7885
7881
-4905
-1041
-4904
-6612
6846
6367
8104
2538
-5136
-3356
-7736
5418
-4477
163
9662
-4835
5339
8795
-5941
-6022
1064
2344
2794
8228
-4342
4154
3187
-4888
395
-2204
9606
4506
6036
9419
-6674
2029
1100
5354
5608
-8507
1148
9129
8108
-32
52
773
-636
1836
1081
-3087
-6955
5050
-9044
6755
-8249
-1756
8410
1711
-2088
3130
-2248
-8660
3559
9355
5879
-2102
173
2844
-105
-1880
8743
8954
-1286
6659
-1863
9574
5384
-5633
-85
-6257
3678
-487
-5422
-3697
-6706
-4519
4541
1275
2647
-6723
-7040
8973
-9809
-4023
-1767
-1931
6082
8875
9953
-7793
-9697
3961
-5584
8948
-5546
2534
-4097
2175
8758
525
4688
9616
-6366
-7032
-937
-5129
-3732
7091
4718
6839
-1205
2160
6181
2639
-2222
1993
4726
1482
4659
-6785
5763
-9968
-1374
6870
9554
-730
7030
285
-1709
7289
7941
-8266
-8209
6853
4399
-2705
-166
-2934
-8293
-4196
1121
3858
-4177
-9114
-5175
7153
2665
-9051
-525
7182
-7825
1121
4126
-2346
8695
4311
-334
-899
9865
564
3357
5727
6667
-1072
-8670
3382
-286
-7656
-6879
-7182
-3249
1403
-3783
-8914
234
-8836
9517
6629
-9610
-7317
-831
-2291
-7900
-487
-5843
588
-8113
-1264
3535
-5273
1009
-3397
-8074
-1829
509
-8274
3151
4363
-7975
2797
770
5798
-6111
8221
291
-9987
4232
7742
7129
-1389
3746
-7926
8734
6613
-8999
3090
-6309
4857
1795
-6670
-4639
5750
-2138
-1641
6539
-2676
-5975
8450
5298
-6276
-5695
8096
-10
-6194
-9271
-7422
-5953
3406
3909
-1514
8733
-7088
-2218
-2634
-4853
1516
9923
-7010
-5148
5280
6659
8140
-9854
3776
-9723
-1309
-4435
3748
5989
-7908
-713
-5201
6561
8061
-158
-5467
-8649
-682
-2527
-6251
-2111
-4781
1054
-7690
5920
1187
-2356
5898
-2185
-1391
436
-8915
-5450
-6912
-6400
7470
-1134
3331
-505
-1127
-7190
8702
6503
-8788
6931
-8118
8311
-9189
-7306
-1151
386
-5475
-6963
6274
-6192
6349
-7886
-160
654
-8556
4050
-9994
-9791
-6239
5372
-2807
1515
-8767
7035
2699
-3996
-9191
-7218
-2551
-5478
5816
2703
-2057
-3280
6075
-5976
1702
3058
748
9687
8242
351
-2167
6163
487
-1133
4597
-4156
-5770
189
-9635
8767
-2299
-5257
-4177
5180
4507
-7121
-383
-6310
-3158
-883
-2471
2383
4225
-3864
4231
-7138
335
-6219
-9242
4745
9373
-2552
5228
-2829
5414
1421
8547
-4189
4419
5854
-1263
7598
-7456
-8942
-8791
-1939
-3362
-7264
-8356
-4693
-4272
6768
6606
1549
-5174
8863
3641
4008
9675
4341
1502
-4530
-5877
4596
-3469
-6780
3479
1258
-8821
-5852
4191
-823
8280
-1757
3748
-422
1952
3996
973
5941
-12
-876
2935
-3960
6617
-9734
5552
-801
-7523
7361
-3858
1799
9132
5531
-3449
-8194
-8137
-2002
7001
-8005
-4452
7140
8778
-4278
1670
1029
3974
2287
-2755
-2474
-7587
-5505
7465
6533
1413
5331
-6467
8689
-2446
-6449
2457
-2409
399
-5532
4525
8436
7252
-7038
-8519
-6131
-9613
2022
6901
-589
6589
-7827
9751
2346
-9628
2684
875
-8153
-5323
8892
7155
7895
-9315
2106
8266
-8931
3270
9166
-5515
3560
-7826
6810
3370
-9390
-5082
2399
-4998
-8585
-8656
8260
5015
2749
-1652
-6086
4848
-707
-5918
9296
-8748
5609
-3902
-1625
6043
-4895
-3958
-4076
3753
-1038
5828
1327
-4413
-9290
194
4471
-1531
-7545
7869
9951
-5350
-2482
-7022
7616
-7028
-575
9784
-3493
-8757
3327
132
-163
3148
-5344
1318
6723
3386
5312
7723
-4725
2414
4873
-8952
2056
9447
-7984
9635
-725
-6413
-1303
-7169
-3860
8192
-4410
-6674
8058
-1928
-6892
-2461
-1973
-4094
8841
-9978
6732
2104
6169
1450
-7629
4725
5067
1060
5760
-9055
2125
553
2535
-9934
-8442
-3932
1770
-282
-8966
-7184
999
-5063
4577
-661
-2329
5059
-3674
5365
5970
3478
-9208
-5878
9637
-7535
8418
-9990
8881
3339
7222
7453
-9159
-5592
903
7622
8087
9639
2520
-5909
1342
-3245
3705
-3057
-9293
-3071
-1812
-5753
9064
4028
5656
-4724
-9488
-6745
2448
-8771
4694
2245
-336
4881
-5474
-3020
2870
1844
8118
-7752
6473
8042
6714
-6702
-9764
7003
-8208
-1397
4871
5276
-114
-5106
-1001
-4605
-6832
4726
-6865
-8565
-2125
-3543
-5887
-2072
2889
-4847
1539
6503
-5347
7019
5142
-7785
3910
-1175
-7097
5444
-6991
5593
7866
6133
1206
-5436
3948
5460
8627
-7153
-5373
8701
6275
-5063
1784
3488
1175
4105
7713
-4227
-7876
-2901
9514
-8306
8428
8306
-9162
-2024
-9100
9561
-2136
-940
-6691
9471
-8932
-2631
-8643
-5236
-5512
9619
5211
8038
-627
-187
1093
656
2359
-15
-4393
1615
-5175
209
-181
6751
-8817
-767
-1393
-5772
-9933
-1727
-4224
-512
-5919
1362
3397
-371
-3541
-2254
8114
-1405
-8148
2700
2560
3460
7262
118
9191
824
-5691
3599
-4174
-9181
4213
8820
4082
9905
-9625
3602
-583
5840
-7070
-6636
-5776
-6650
8350
-3235
3135
2088
-9066
-9078
-8077
6311
6051
4026
-3586
3003
9615
9987
-9239
-1135
-4145
-9958
-5260
2697
-1321
5936
3620
-1777
-5733
2409
4579
5692
-29
7454
-8176
5729
178
-665
-2369
-8400
-5353
-9882
-9324
6826
903
-8736
455
-1227
5779
6980
-2501
-3737
-1264
-6730
9509
-6597
-7935
-2807
4284
-3672
2337
533
6368
-3206
4457
5984
-9566
-9369
8699
-2190
-8948
-1508
-577
-5109
-1104
-1238
-9395
2993
5290
1217
5850
-2742
-4209
-4706
-139
9386
-4619
-4466
7128
7390
-7088
-9506
4454
-5794
5766
4152
4981
4201
-9195
5407
4081
6691
1280
4189
723
-5831
-9286
9073
-7387
9898
2685
-1537
-9024
-67
-1198
-8681
3735
-9725
-6909
9076
-8105
-2444
5863
1256
-1773
-2722
-2525
4807
-9785
4423
-3722
7596
-7846
7140
3508
3239
-2314
-1022
-2865
-3432
-7960
8244
-4599
4901
9609
5903
-6354
2173
-6408
-2733
-1124
-4801
3630
6489
-2660
4618
1598
-88
7138
-8806
-3642
6907
-8869
6457
2438
1649
5335
594
-3633
6837
-8541
9211
3948
9076
7642
-1606
-827
-8635
-9110
-730
-4248
-4744
6021
-1580
9332
-2071
-8859
4812
-5077
-2833
5106
-5910
7767
-6306
-6434
194
772
-8117
4968
-7500
1168
9567
-5151
6934
-3908
2493
4491
1885
-2334
9241
-6902
-1420
4330
-5699
-9048
-263
-9585
-1817
-5485
4846
3625
-2946
3068
-1368
4706
-475
7155
8184
7035
-9680
303
-3255
9673
-9272
3589
-2070
-6651
-4123
129
6424
-8294
8315
-3763
3479
9691
-8636
-4293
-9043
-6646
-7131
-3799
-962
-8127
-9655
-8359
6576
-3464
-3418
6349
-22
-5182
6692
-2513
-3372
8676
1270
6172
-6517
-5632
7094
7940
-2781
2528
-4397
6547
1783
9489
-3722
7435
8164
-6594
-811
4074
9468
-6089
-3550
9169
741
5159
644
-3112
-5251
-8168
1697
6665
80
2880
1232
6619
874
-8606
1344
1580
-800
4250
3714
1707
6686
309
-3903
5916
3232
-9310
-3898
8915
2115
9411
-6091
-1616
2247
828
366
4697
-6351
8387
6899
-1948
7052
5832
-5188
-8601
-2199
8341
-1729
5542
-5332
3534
-7849
6658
-7927
-1458
1843
7590
-4525
-9075
-1202
-8841
7066
9598
-619
3561
385
-8371
-8847
-8657
-250
-5266
-6011
-429
7211
4730
5817
-4440
4236
9228
1605
2792
7466
5937
9289
5167
-9023
9468
-5204
-8099
6259
-241
3145
7607
-7309
1922
5762
6525
-4304
3955
9467
2055
9085
8078
9293
-8366
-102
234
-6402
-8232
2034
892
-4090
-3512
-1456
-2158
4443
2581
7112
-4802
2271
242
7053
-5516
4767
-5156
1680
-1785
3078
5593
8326
-9634
-4779
9068
2193
-2206
2017
2855
-7176
-3023
2486
7758
-4464
6517
-7344
-8139
1694
7544
7259
7924
-4107
-8967
-9568
393
-5741
5409
-1859
2826
-9431
-8070
8755
235
9796
2251
7524
7977
-3091
5776
5025
3452
-3686
-2909
-4839
4373
5458
-4790
-6362
7145
-2982
803
-7802
-2654
6296
9687
5776
-3968
-2565
3979
-6057
-7460
-3556
3696
-1817
-1921
-7317
750
4207
8572
6142
-3543
-6379
-9651
-2916
1675
8795
7168
8350
-8300
2564
-2991
6969
5797
3774
3755
-8171
4374
-6637
4024
5668
7583
3058
-8784
1046
-7780
-3553
-993
-6145
-5854
8365
-2235
-1581
2005
-565
2634
3946
8842
-2705
8549
-1927
5048
6390
783
-7076
-4931
8963
-5834
1236
-537
-1022
3524
686
2016
-22
-2568
-716
-2080
7517
7615
-9217
4741
7224
-1471
-548
-9143
9841
6723
9182
8561
2212
5545
1183
1730
-2971
-1285
9565
7571
6645
-3298
-9425
5914
286
-6389
5919
-2075
7013
-8126
2554
-7229
8205
114
60
2153
3199
4610
-6683
374
5303
6500
-1317
-3954
-6420
6307
5396
5769
-203
-4867
-1105
2625
6357
-3624
6104
-7938
-161
-3972
-2177
7413
1632
35
-1868
-5309
-4537
-2270
744
-3139
8376
3371
-3600
-8709
-6087
-7850
2615
-7206
-4874
271
6249
-1024
-7246
-3284
-6645
6576
-7987
7269
-4354
9629
7190
-7258
4002
-2697
9538
-9185
837
7998
-1366
9983
-2458
-4087
-4061
5932
-9293
-4230
-3642
1364
-8892
-2713
-8884
-8006
-3315
2762
-8977
-2594
-1913
3770
-2260
-3229
-6130
-182
-8528
357
7386
-1670
-6848
6608
3175
-3309
6886
4032
-7034
-977
-8600
-5959
-6429
-3215
6350
-9181
-8074
-101
9109
892
-44
-2838
-3884
9700
7061
-1866
4826
2397
-654
6636
7754
-8185
-4629
-7973
-4156
6148
-2757
-4102
-7210
-4628
-9981
-8624
1266
2660
7490
-7371
-5895
-8567
-9239
-4813
-3200
-4962
-4327
-3081
-1557
211
-1348
-7368
1102
-8897
-7612
7166
-7503
6123
-8874
5086
6081
-9147
1390
-9649
2474
7195
9098
-1420
-5204
1904
-153
3981
8019
5800
7897
5634
-5943
-7586
-1138
-5074
-9704
-7525
-1985
-5581
5758
5553
1538
-6377
-1099
-9689
4754
-4963
6247
3599
3579
8989
2138
-1124
-3817
2578
6019
9958
3489
-1937
7970
8464
-1147
-3825
5089
-7583
-2695
-4742
-8468
-2127
-7801
2905
-4446
-4837
-4219
6977
6073
5711
8604
2522
2814
9121
2467
-1977
8721
3680
-8791
-1774
2198
-7553
1226
3540
188
-1967
-2605
5577
-5287
9644
2503
-3482
1782
4718
9020
2554
-5824
7010
5914
645
-7598
2534
-3107
-948
-3911
-8948
-6250
-1699
-8094
-907
1221
2056
119
-6767
-5424
8106
-2077
-3534
-5815
-5611
4651
149
-65
-4791
2642
9116
9436
-5429
-7973
-4589
-6210
5482
-5344
-8823
5072
-2751
1381
-9659
5950
-9673
3010
4080
-3789
3304
919
1899
9270
-1547
6756
6872
-3111
-8355
-5009
783
1140
-4760
548
-7197
-5970
-3617
-4987
9277
4875
2096
-6188
-6875
3472
7911
-1516
5572
6101
-6662
2443
-9100
2256
7198
5589
-3954
7581
4270
6824
-5098
-4704
471
432
141
-673
5637
5168
7202
6072
-259
7643
-1725
5120
7548
5494
-1020
5403
4978
6356
-9825
1798
-1608
-5523
2876
-3489
-9445
7607
9855
-2856
-8577
4783
5763
1454
-7053
6437
7677
3901
5374
7872
-2908
8848
7703
893
7131
2071
34
-8809
7979
-1965
9420
-3174
6420
-6193
977
-1617
7707
-3926
997
-8004
-4518
2280
-8747
4183
-130
-5194
-950
-9085
-354
-8489
2661
-7975
-6729
-5297
-1497
-7234
5793
-7808
4706
7045
688
2614
-6691
8258
7182
-2868
-8008
-9622
-6774
-4674
-3610
6260
-7386
4874
69
-1320
-1167
9371
-4006
-3967
-4936
9889
717
1569
2660
-5495
-6269
6673
1867
-4142
-9787
-1240
7853
9338
-5656
-1755
-7867
1661
-1171
-9649
-1553
449
-6699
2617
5810
3238
185
-4125
-9684
-4543
-2736
1274
6197
-363
3392
-6792
3670
-1624
-5800
-5691
98
-3504
-8912
-6992
-1205
8589
2524
8964
-6002
250
-5313
-6640
9786
7745
-9708
8581
-7586
-398
-505
-3711
9978
5712
-2060
3486
-2676
-3030
2316
9467
-183
3954
6216
-435
8010
4956
9610
-3575
8661
5032
9743
-3834
-8785
-4245
-2253
8664
-1979
-1509
-2505
-3440
1432
-5916
6749
-7436
-5513
7458
6068
-8222
-1705
-8072
-5772
4467
-1254
-7469
8645
-6687
-985
-3506
-8273
9221
-810
3736
5126
-663
328
4054
8907
-5300
-3697
3787
4933
-9270
863
-6960
-2244
-1337
-3671
-8942
-3720
5593
-3313
7155
-4712
-9352
-580
-3679
4183
5375
9884
-6261
-5803
5188
4579
6402
-364
2744
-986
-8713
-4877
-9695
7602
-850
-6373
-4649
4704
-5182
8058
1419
6363
-393
-3819
-5090
-6637
-3881
6446
-4030
2223
-6094
-6148
3887
671
5694
-3843
-3605
-4315
-3025
9098
8194
-4084
-3180
-9170
-4072
6710
-9972
1740
-3666
6184
4688
2213
-1752
6403
6504
-7251
9080
-4653
9987
-7808
-9509
-6998
2623
9682
-3063
-9110
4260
438
5250
2331
1590
8012
-9885
-2157
-7655
7482
6358
6381
6404
6329
2148
1753
-9867
798
5333
-3105
5424
4128
-9932
-4589
9637
-4334
3225
28
2748
7772
-1489
9780
7195
-762
-2196
-7296
6064
-5310
-8490
-550
4326
3104
-8608
-8952
-5750
4400
1281
5310
-6017
5846
7394
772
4767
6304
-6751
6924
4823
-5975
2131
834
-3051
-7198
192
8492
9790
8842
-4338
-9665
530
1665
9664
-4359
-8430
4208
1244
-624
-6602
-3383
-9369
3607
2207
1130
-5467
-4276
2132
-4257
304
-8478
6597
-833
2585
-6349
-5922
9277
-9289
1915
-213
-2195
4657
4956
6076
-3590
-1570
1965
2548
-3134
-2613
6398
8655
-8327
4373
-7761
-3816
-3356
8828
3745
-9280
9091
4463
-5935
-3642
-8688
2543
2234
-7016
-6888
5849
8403
4168
3531
6949
3953
9237
-7505
9430
1376
-8807
7842
-4068
1899
-9667
8746
-722
-2487
-8879
4030
-2519
-4632
-5677
-1617
-4442
1266
785
-9318
5323
6846
9408
-6494
912
6188
9304
3578
-9762
4687
5132
3135
4040
8282
3538
3885
6333
-8160
-5832
8388
-1191
-9361
3344
-778
7833
8678
-2905
-9618
-9798
-4230
5039
-9110
-959
1961
7105
-8194
-5813
-2535
-2277
5694
-4128
1714
-3557
6261
8699
57
3425
5870
5044
7590
-7457
-7801
5424
8609
6068
7001
-2034
-7124
-2776
9349
7889
-8118
3205
-6461
-5757
1216
7538
-8554
8359
1023
2100
3850
2161
4409
-4330
-8269
-121
-9116
6678
6158
-5073
-9188
7441
-7000
-7602
8252
-8863
9285
-1362
-9968
340
-4832
-8492
9009
5939
3202
-585
-6205
-6856
8615
-5157
2886
8964
-395
6527
4365
8956
-9651
-5176
2397
3934
4851
-9212
-3103
-9141
7609
7322
2225
1169
-7590
-1901
4792
5906
2230
330
8194
9816
2836
-6788
-2166
-953
6003
9981
-1086
6145
524
-1452
-521
-5043
9344
-1607
1239
205
6787
3205
3818
1841
2892
5570
-9300
-8043
-1698
-9313
7373
-3029
-6474
-2745
2708
-6879
6687
9299
1337
-5244
-3611
-4703
-6708
-5868
-2303
-2995
-1370
6649
-5824
4919
-8664
7870
-207
-6424
-8984
3274
5429
-1427
6891
-53
-4416
7938
3749
7557
-9342
-3948
4021
-5620
1160
8319
8442
-5684
-2781
-9514
8896
-354
9544
-993
4824
-5157
-9579
56
-6294
-171
-3447
-8762
-2386
2203
386
5433
-6810
5631
-4811
-5832
-53
-9270
5884
1737
-7133
4362
2101
-6228
6701
8947
-6271
4114
3400
3282
-6685
394
-7118
-1206
1793
-6512
7024
7456
-1070
5568
-8835
7590
346
-5999
-1813
9788
1584
-9601
-9300
-115
-4552
-2801
589
-3560
8417
5350
8687
-5406
-5434
-5877
7208
-955
4002
8496
9028
-7535
-4385
-1700
-8790
7833
9046
-5164
4920
7103
6369
-2590
1863
-6045
5006
-7266
5014
-6444
1629
-4966
7480
2203
-9264
73
-931
-934
-1912
8179
4485
6115
8757
7189
5611
4416
-5705
-9779
7798
-8560
-3060
4313
-8460
2411
8861
-8653
-5422
1167
6949
8980
446
-6872
-1247
-9827
5447
8850
-5475
-1432
-9757
-1362
9372
-7405
6104
-6921
2687
-1671
6220
790
-4843
892
-5580
-7336
-4260
2806
-7379
235
-4184
-8697
6288
-8367
2646
7924
-8954
3288
1001
-8422
-9006
5747
-6111
5096
-6243
220
9695
6251
-9945
-2691
-3272
-4692
5060
-3792
3559
-9114
9826
-9767
9338
1139
-4122
-1335
-1531
7424
-6329
-7102
-9352
4392
5027
-588
4669
1130
-5756
5650
1898
-2000
4847
-5879
2856
4528
7472
1952
-2816
-8244
-3723
-1498
-10
4787
1067
-2741
-9113
-5809
-8587
-3487
-2361
-1188
-9439
-9039
1528
-8666
-1837
6771
6051
-4868
-1851
-8029
-4606
-3206
-122
9979
-2889
-4333
7752
7549
4736
5547
-6434
-169
4705
8707
2866
3317
-5519
9182
-1754
-3415
2101
2912
-6802
3560
-3052
-3377
9070
-1292
-2595
-8498
8136
5820
4784
3579
2024
-5240
9785
-3119
7036
-7388
5312
3990
3814
-1285
2092
1895
5503
-9405
-8680
-5681
2954
-9686
-8939
9199
9051
6610
-197
-8414
5507
7970
2524
5411
-3401
-2095
9113
5147
8255
8860
-9145
-8820
5525
-3602
-1904
-2603
6422
-1679
5888
7219
-1212
-8470
-5355
3467
-9457
2280
7125
4853
-9906
-599
6466
2290
-5348
-6939
2264
-2557
4371
-8469
6768
2059
1070
1430
2303
-7945
-5357
-2949
6128
-2240
9933
-4455
-1507
2971
3294
-157
8378
733
-7413
-7237
6650
-5053
2901
5880
7229
-7863
-9784
5060
971
7010
-2449
5779
8827
-7970
-7427
3116
7922
-789
7574
2013
-5010
-2211
2714
6806
-6793
4021
995
-1631
-8212
2760
4213
370
-9697
8119
8953
-2914
-5013
-2666
3708
4810
4601
-9489
-8721
-8119
-4750
-4051
4132
-1981
4519
6698
-8696
3245
-5942
4661
-4025
-1804
2309
-795
-337
-3410
6178
1722
889
7570
312
4758
-599
-4430
-3960
9306
9487
-9344
-7634
6724
3302
3432
2741
9706
-6654
9669
6459
-6425
9336
-6470
3397
-9189
-1906
7322
6663
487
281
-360
-6038
-9705
-1275
-6096
3525
-5877
1016
-2296
-286
-737
1445
4897
3412
8705
736
-9680
-4058
5176
-9368
3511
-5184
-204
-3421
-6978
1477
8448
-6955
-7509
-6847
1585
997
-8574
6263
-2895
3137
-6520
-31
-4673
8703
4054
-3987
-2790
-7094
-2030
-4555
4966
6192
-4639
-9107
-5765
7325
6883
-1402
-9658
4419
7859
8925
-5352
7703
-6449
1029
-6529
-7600
6291
4902
-4068
4928
-5565
5234
-9758
-9663
4692
-3584
-9934
-1180
6677
-2186
5235
1909
-9060
-8080
-392
6231
683
4165
6163
2730
-5847
4477
6649
8746
-3059
3144
-3019
1512
-5191
-9743
7589
7547
3688
8321
-5799
-8458
164
2758
6424
-2931
-3594
-9552
4173
8326
-296
3487
-9557
9020
-6880
-874
-5265
926
-9815
9971
-1362
-2721
54
4999
1224
-6170
5433
4669
-6790
-3992
3825
-7838
-485
-9052
9838
-1600
-9330
5244
-6013
4801
4160
-4864
-3937
7281
4738
4873
3633
-5963
3835
-8440
9888
-8414
-3551
-1985
-8823
-1397
5390
8407
4183
5116
-4734
-936
-8915
8614
6577
-7687
-7962
-5489
-9686
5655
-7322
-2539
3553
9758
6191
-7124
-5725
-2211
-4023
9594
-4879
-8949
2341
-6816
8008
6399
3648
9216
3957
-1164
4814
-2852
517
-9356
-3901
-7716
5080
-5886
1856
8420
6559
-8195
1428
1633
-9618
-3845
-5551
5598
-6195
-3238
2526
1859
-6713
2599
-7526
8899
721
-4048
8054
-8239
-675
-4926
7789
6334
9019
-703
7665
-8054
9399
-9220
-8072
-48
-2911
4706
-7873
-2625
6962
2254
1007
7136
-8560
-9000
6968
7088
-1297
-6603
8846
5040
-6514
-6016
-1805
-5742
2211
-692
7872
-717
-76
3325
-3996
-8509
-4074
-6770
-7645
624
-1869
-8530
4105
-7642
7255
430
6202
9583
-621
6547
-6302
1107
8516
5809
4820
7837
-5536
6873
-1475
-3384
6515
4286
1983
1904
9246
8309
4409
-6646
9350
-3745
8205
-4858
638
-1053
-8305
-7500
-4606
1723
-2994
-6831
3662
4387
5408
-3564
9569
1778
-5369
2076
8507
7293
-3995
-9390
660
-57
-8918
735
1275
-747
-8860
8014
6277
-8674
-4356
858
3793
2692
-9040
422
846
-3262
679
6457
-4704
-8172
3713
2605
7853
-4348
-8182
-8833
-2740
5004
-9586
-4721
-3224
3430
7893
4391
-8307
-6496
-3677
2184
-8750
-7266
-257
-7321
-4138
819
-1888
3809
-5046
8276
-4671
-3985
-8376
-3205
-8454
2983
-9974
-1200
-8538
2779
-5665
-2247
-1204
4248
9534
3509
-1558
-7325
-1460
-5169
3909
-2740
8534
7893
-5929
2996
8055
5797
4148
-22
-3751
-6997
-6101
-5561
8018
1415
9312
-4570
3008
5071
384
-6499
-33
-1114
-8250
-3125
6786
449
5938
7207
-5351
-8212
6143
1740
6471
908
8874
9726
-8743
-1746
-8262
8114
-6473
9696
2438
-3265
28
3697
-8670
-9296
-8794
-873
-9523
3015
7505
2630
-8261
-4147
450
-2571
6938
-1109
-2000
-5083
4310
-613
2193
6632
-6844
2628
-6651
5514
6567
-3989
9955
7357
9193
-280
459
-5235
4667
5104
6184
-4651
-4954
-3731
-8135
716
6005
7323
-265
-7642
8374
-4606
5519
6055
-1660
992
9282
-5285
-1
-5748
721
2202
-839
8423
601
-5497
-3408
-3331
-9552
-6561
-5416
-4001
2826
2543
-7228
-6359
-7164
3170
-3413
4396
-7480
-5280
9581
742
-2063
-7015
-5288
-8610
-5848
-290
-9720
7076
4839
4272
823
-9752
-5941
-5302
8725
-2506
8079
5760
2235
9104
-5217
6921
138
-5614
-425
-2240
-293
-8755
2087
8682
-9791
9648
-9761
818
7985
1184
8573
8791
-4950
-9479
1656
-9772
4226
4032
6003
3469
-5298
-157
3145
-1528
-6163
4118
-3237
2758
7775
3840
-7866
-5370
8978
-8482
3288
5478
7244
6923
-3925
2088
8674
9406
4649
6623
7887
-2452
-4935
-7945
-4682
-5583
-3755
-2897
-9005
-9103
6188
-6382
4206
2446
59
-6237
-91
-8667
870
3677
7388
7206
4777
752
-313
-9900
-1139
1282
-9011
-8866
9221
4364
4525
3256
-6265
-744
3399
354
3789
4628
-4945
4103
2317
1269
-4743
4793
-874
56
-8420
-3975
-7852
-8962
5312
6051
-5741
3599
8909
1163
-2932
3043
1713
4588
9065
-3651
-9037
7554
1985
2688
-7016
6534
6810
-5241
-3828
-818
-5981
8621
-1601
938
8506
7749
-4705
-9597
-1576
-8672
-1927
-6928
-5139
9545
-8495
3335
-2513
-7069
-381
278
448
8221
1736
2553
-3688
-4020
-7332
3704
2026
-9247
7155
-1017
7685
8804
5156
4307
-823
6576
3714
5990
-925
-2875
4109
-3518
-7674
-5684
-6357
-227
-9266
-6066
5142
-6051
-2794
-9619
-3167
395
-4557
3830
-8915
-481
8807
5817
2233
-5480
-8996
1553
4645
-9022
2483
-5097
-38
-3080
5849
527
8081
510
2745
-8749
-7793
-4669
-2707
5277
-6326
9226
-9752
-6783
8178
3705
-5808
8343
-1077
-7371
5634
-64
2103
-9937
6976
6975
9450
1125
-6143
7252
-789
2545
7808
-2480
5523
-6730
8637
-8278
9996
-5950
-7536
-7618
8505
5527
-7578
497
4742
-2190
-1215
-4912
1801
8701
-9900
-730
-8191
3936
-5061
-9759
7544
-398
-1343
-9509
-1826
286
-940
-8114
2871
-2373
-1658
2044
-6099
4690
-3985
8166
6543
-7420
-328
-8521
8454
530
3197
-1425
5111
7272
-5056
-8834
2740
-2354
-1355
2342
-1997
5695
7924
-9028
9441
-7818
-3266
7507
-6116
-4387
5086
5189
-79
-8794
3481
-4356
-9984
7459
-2690
-8973
2947
-8414
-7937
9663
-8361
3563
-8701
5322
-9135
9938
1395
-154
-2107
9712
-5721
8551
6314
4691
5277
-3841
9533
-4499
4669
-7740
-6576
-591
7300
3152
1469
8736
8924
6477
2914
3466
-9955
-4493
-4544
7021
-9521
4409
-2877
8313
-1011
-8529
-2640
-4619
-5146
1790
3796
-1099
-7401
8907
-3530
-8537
1770
-7910
6511
33
-4296
-2728
7710
-3343
6329
5790
-7996
-2102
1923
5964
170
-7294
-5806
-7580
5103
3488
9299
-2278
232
7947
-4359
-8159
-6180
9549
-376
-5551
1660
3821
-4039
-2424
-9774
661
-9765
7280
-2427
-9625
7912
8406
-1717
8113
-165
-9051
-206
3024
-6618
-5175
-1173
-8804
895
-6920
-3457
6444
2473
-8631
-85
8539
-3438
8276
9572
-3806
-1426
-4373
1577
-8097
894
-2257
160
9925
897
7115
1937
-5914
-1859
9504
-9188
6123
-8466
8794
6746
1518
4370
-7118
2270
214
9504
2471
-6956
-4770
4929
-1419
-8258
4383
8600
1839
-9582
6805
-6140
9016
5329
-4021
-5842
-4632
-1142
1040
-9479
9311
7686
-6139
-6020
-1587
-2254
-6952
-8975
7759
-9952
733
6508
-387
3163
7550
-1236
725
1251
-2140
-3485
-1710
8865
3762
-1603
-5332
5641
-4209
-6232
7570
-668
4408
-8615
-5327
8760
-3451
6838
-195
-1596
-8141
-849
4285
207
2555
9853
4887
-1446
3384
7078
3358
-4948
2949
-6799
6077
-4649
-7671
-700
-1928
8110
-9075
-520
5673
3392
-5160
-6206
5771
-370
6125
-5861
-123
8109
-7522
-4609
-9370
-3131
5105
-1712
-1758
1211
-919
-287
6694
3804
-1129
9851
-1138
-1861
8273
5674
-9210
-679
-5004
-7153
2543
-4795
-3342
-1778
-5928
5286
-5750
8346
-2428
4568
-8557
8203
-8444
4381
-4103
-9428
3624
-1035
7506
-1633
-519
-7560
1723
-5507
-2653
9772
7636
5716
9085
-7704
269
-4375
-9682
1794
-102
158
5367
2088
-2916
-2191
19
-3185
-889
-2130
-9743
-9831
-2041
9687
-6134
-2395
2908
-523
7122
3027
-6989
-5926
-7370
9156
1975
8035
-6873
-5117
9897
-9572
6579
-8884
6951
2438
-1436
9221
9484
3898
5323
-7277
-9471
-1600
7522
-314
-8632
4245
3189
-6167
5862
-5826
2632
4487
5744
-8805
8548
-8466
-1746
5434
8514
-5937
-7600
-278
1139
-9456
9147
9921
2264
691
122
-2675
648
7546
6885
-7397
-9805
6792
5400
813
-2254
5865
14
-7452
-8370
8933
5892
-8108
-8360
9238
9294
3914
-514
2664
7106
-7525
-1352
2532
1647
2608
9138
8998
-8472
2918
3284
198
8562
636
-7955
1078
4064
9599
-6022
-3385
-9095
-6542
-4387
-7685
-4219
2435
1724
7492
-6722
-3083
7465
2197
-4023
782
-7246
-7688
444
-9954
8680
-7635
1264
8067
-6652
4749
8266
7666
1967
9447
-3070
539
1100
1019
1703
-2984
-5626
496
9617
-6768
1620
3359
-3286
-4886
-9660
-5165
8757
-7536
-7798
346
3954
8068
7823
5713
5470
230
-2231
-1934
8289
-9219
-437
-9542
2690
5337
8567
8088
8962
-3273
-2124
-2760
-2887
9704
-8227
5497
-6495
-9634
-184
-1253
-4554
-3120
8725
8862
119
-1797
627
-8917
7114
-5620
6987
-1730
929
-9094
6384
6087
-2841
416
8725
2532
3630
-7180
6482
2395
4137
7887
1832
6146
4993
-5985
2519
-2225
-5372
-9378
-4894
-7795
1290
-4605
-485
8622
-8030
5416
8688
9981
-7019
-7783
1008
-7237
5866
9133
6182
-1650
-3738
-1105
-6986
-7093
6959
5236
-6601
-796
-142
9362
-5110
582
1239
4505
-7180
7239
1451
5179
7762
-1745
9565
-439
-4296
5478
7790
4392
4941
4824
667
-3957
2148
-989
6830
6774
-8799
-9538
5406
-9064
1957
-7672
-1308
-6298
9519
3947
-383
-5674
9126
1190
-6028
-9254
-1265
-9476
-6334
5170
-6845
-4716
6836
-2022
-9077
9077
6827
599
-5702
5319
-5882
3924
-9564
2359
-9265
-4191
5212
-2960
-5848
-7665
-6511
-7253
-1160
-8318
226
2638
-1130
-6314
-7843
4119
9965
-9516
-6684
-9993
9427
-6086
-6525
5573
-6597
3701
-63
956
-8171
-2111
364
4833
-7448
-7096
2892
2341
3919
-8765
-8371
8504
-7489
-7279
-7351
-6009
2084
-253
7469
5809
3576
-7568
9967
4731
-3537
-2407
8829
5755
3354
5149
7957
-5634
5057
-5030
-6436
-5803
2803
3555
3047
5825
9614
9831
-4185
2001
4548
5325
-7945
-9404
415
4815
-1721
-9614
-4362
-3422
9517
5637
-4745
-8248
-9999
4844
4682
9454
-7664
5561
6653
4155
5979
-7472
3788
481
7192
-7758
7239
-2708
1722
846
4186
-8260
6249
7714
-1213
-2006
1540
9956
-7973
8481
911
1408
2214
-2966
5556
-8889
865
-9481
163
-105
-9639
4033
4050
-1258
-7481
-2177
-7496
7002
-3499
-2695
-6121
8602
-6535
4952
9833
-6967
5014
743
1497
-5656
5144
4693
-9844
-2834
4497
608
5562
9924
-4250
4422
9716
9430
4898
-8469
-624
947
-3631
6968
129
-6685
1121
685
-3469
-1379
-2446
8942
-8327
7341
7464
2355
-6448
9751
3651
-6863
5389
8314
3463
-2420
3815
2316
8526
6868
2199
-3541
3346
3722
-2001
-3832
7762
-5731
5496
8276
6851
-9716
6632
9953
-2682
6307
1053
-7356
-6507
-8366
-2367
-7150
-5796
-1162
7435
6119
7279
2299
-9958
2142
7435
-333
7632
9676
-6146
120
3862
4579
9483
-2827
-9496
-3230
-8438
-5249
-9317
-4105
8619
-2374
-9217
-1663
-8344
-5948
7744
7110
264
-1862
2963
-1224
2618
5351
4494
-8201
-4602
4969
967
-9702
-8008
5002
5190
8468
1924
-7715
3306
4954
8508
-6746
-5038
9152
-2104
9777
-3209
-3368
-5321
-1646
-8499
1109
-4757
-8080
522
-6027
4142
-9460
1985
-8616
2323
7749
-6666
-4689
9263
4433
4352
-7327
-4583
7289
-8544
-2115
-4475
-3455
-1733
-9677
8407
-9538
7411
1167
1097
4882
5507
-6063
-1017
-5353
806
-7908
2448
5815
1462
-1578
-6400
-4343
-6647
2483
-4699
-7449
-8125
-9834
-7085
7449
9201
3057
3078
3116
-2100
5814
-4212
-9427
3128
-4920
-5241
8214
5392
-9293
-7066
-1618
9391
1989
-6270
7575
-6705
4854
-344
4830
7081
-8117
3097
4561
9518
5722
1500
-5012
8168
1233
2483
2028
-7207
1884
8900
-4552
7550
6427
-4993
-292
-5381
7822
2620
-7172
3763
-7499
-1352
731
-5190
4997
3100
-62
-6724
-6197
14
-5165
-8107
5548
-7830
2453
5312
5562
-6906
9680
-7537
7195
-1176
1256
-7554
1983
7966
-5200
-9471
8967
-3573
-7356
6481
-4203
-9341
-1318
-6185
-4819
-1218
-3146
-5514
-9506
7408
-1805
-6806
1400
2952
5835
-9979
8100
-3512
-7261
5016
6787
-520
-4987
5649
-1129
-1987
8028
-359
5569
9129
-8231
-5918
1094
-8887
-5051
3318
8333
3932
-2023
1872
-6942
-3414
1726
2386
-9867
543
-4603
9209
6721
4896
-7844
5693
-1586
-6205
2390
3741
-4224
4287
-3660
5477
4230
-7709
-6557
-4384
4536
-3068
-1369
3200
2937
8860
3190
5625
-5192
4240
949
-7890
-5807
8608
-7703
-9195
5604
-5157
-5816
-4832
7907
-6671
-460
7906
2589
2687
7690
-4458
359
5922
9519
2899
7288
-415
6350
51
8316
-3043
9286
-5218
9028
-6876
-4248
739
7505
-1562
4041
-1851
-3512
-3855
-3294
-4215
-6851
813
-4739
-1209
5913
-3571
8846
6046
-4653
-6645
-5310
8063
-7625
-1056
-573
7438
5106
-3651
-970
-8864
6379
-7356
9203
-3757
2982
-6714
4792
-7377
8794
-767
3704
8321
-5182
-5885
7558
5303
-9331
-5848
9004
2644
3589
-7516
2689
1242
-4183
7276
1854
-6259
4038
1062
9660
4156
6163
9716
-1268
-6644
-9904
8351
1280
954
-1255
6296
5977
9380
2530
-1527
4796
9911
6578
6453
-7109
6363
9372
-2570
4233
7689
588
8941
4170
-2908
-7696
-1113
2462
-9291
-1162
7390
-250
4802
2907
433
-1076
-5258
-7390
-2208
-6776
9860
-1760
-6679
6923
-3558
2481
7188
5783
9404
2942
8496
6681
-9193
-6478
-5930
-7422
8363
5951
4258
-9783
-2442
6541
8424
-4906
-6364
4300
-4985
-9785
9605
-2087
6487
1592
5275
1945
5283
7872
7185
-5107
-6767
-7735
-2512
-8898
2655
5036
-9605
-4727
-8491
5245
-6842
-9463
-4214
-816
3240
-9579
-2164
3847
7477
-3879
2721
2245
-1461
-4
8418
-547
851
-4541
8749
-7811
9565
-2705
2301
8398
2047
7976
-804
2044
-2212
-7722
9541
6190
5336
2803
-9278
3928
8947
5071
6653
-4879
-4599
7914
-6985
1978
4626
-9677
-2054
-2461
-4819
3656
-2619
1175
2974
-4013
2480
2231
-6542
-3498
2491
-7894
9354
-968
4276
25
-584
-5086
6945
3013
-8169
-3390
2115
2864
4
-2411
9112
-5223
908
5075
6430
-8605
-5643
-9173
-1709
-4349
4400
8460
-8192
328
-2391
-7985
5661
9614
2339
-6341
-5275
-9428
8597
-6927
-5
6980
8763
-6196
-2512
-8955
-7698
6468
-1185
5847
7337
1280
-1136
2478
8170
3102
-8453
5608
-9547
8603
8940
-2130
-1400
-1301
-2809
-9444
8043
-6544
4377
487
6183
-6161
-4199
4065
7528
-2266
-9094
-1636
-3160
1340
-1528
7148
-5428
9573
-3188
-3897
5926
-7310
8646
-6880
-9626
9312
-2407
3631
3962
8797
-8309
3890
-1478
-8180
-9201
2786
-678
-4275
3570
4297
-227
-1447
4075
-7111
3752
9596
8062
-3027
-3487
-8963
-8295
-774
-7101
-3542
3579
-4633
-7869
513
5909
9293
530
-6824
-4683
-9051
-2493
1593
-8876
-3638
4658
9174
1479
-5749
2759
3559
397
1341
7052
886
1747
2447
-9170
3055
8011
-2069
2729
-2214
-7069
-5390
-3215
6516
5475
-767
1639
-9904
6343
-2114
-7301
-1357
1584
356
1674
-5362
-9621
8973
-9673
-2745
7466
2746
6733
939
5243
3452
9740
7223
1184
-148
884
5784
-6122
-2348
3553
-1829
3070
202
8791
4161
3976
4885
8576
1380
-1766
3515
-8704
-2232
-250
5287
-4991
-3340
-3323
-433
5429
3572
5377
-7708
8818
8991
8270
-6315
-5343
5354
-9035
6035
-5108
9704
8331
-7969
6033
679
-5047
749
9585
-2796
-9102
9574
7665
7853
2905
922
6702
9560
-2111
-355
-2317
-4679
-8887
5618
-6381
3234
-5818
2355
5207
4203
4522
-3218
-631
-7210
-9135
-5686
-6087
-3099
-9310
4306
8971
5778
-9538
6978
4992
1424
3552
-9031
-5099
4000
-4207
-6289
-995
-4079
7801
1627
-7967
7703
1935
-7778
-4717
-8371
-1097
9228
-1705
-6924
-5807
1378
-4686
4356
-2003
-328
-417
-6114
-8197
7552
4453
-4615
923
-4844
3509
-7277
5963
-5851
-5043
191
-1115
-1912
9030
-3815
6487
2945
-4846
5282
-759
-1195
7179
7351
4930
-9458
9540
933
7066
-3578
-4296
-3601
5358
7379
8462
236
2023
8954
2596
-5457
-5636
-6054
-7395
7806
4603
5592
-5442
-4944
8911
8199
8376
-2334
-6492
-1577
3747
1124
8640
-1075
-9420
604
181
1533
-705
5461
9027
185
-9441
-1633
5629
7378
-78
5419
8967
-9259
7705
5887
-1599
-6762
-281
6769
9753
7908
2399
-4721
-7153
5195
2435
8615
-4147
1540
-5743
2571
7776
8544
-1241
-8522
9835
2065
1179
-6023
-9222
3158
624
42
2026
-186
1486
6002
4227
4098
-1487
2179
-9144
-8529
-3801
1147
-3722
4167
-1191
-8869
922
2247
-2695
5561
-9713
-3734
5421
-905
-4661
-7202
-6750
-117
326
-6136
-3602
-8651
2318
-5335
8884
-444
4710
579
5262
9170
8754
-8502
-8948
-2986
-8958
-901
-2912
8081
-1288
8388
-4961
6435
-619
8465
9285
1470
-2664
-5773
-4717
-7480
7691
-8715
6709
-1520
3164
9269
15
-8097
-4564
2244
-8277
-7744
-1560
2363
2833
155
3028
-2909
9468
-7578
-656
-9704
6374
-925
-6101
-1587
-5482
9543
9055
-5799
-9289
-2823
14
2123
6850
-7990
6527
5735
-929
5702
8274
-2584
-5146
2576
-2343
2031
2530
1279
6534
1554
4222
4886
-8705
-3909
5479
-8381
7472
8872
-3411
7843
-5083
-192
-4447
526
4951
1036
9962
1129
9900
4256
2819
-900
-1791
3721
6968
6306
-6441
-8686
6150
-9849
-8833
2445
3584
-539
-4230
-7214
8698
-9191
-9135
5217
-9550
6104
-9384
-1900
8683
-2465
-8551
-6753
1115
1962
7046
-2756
-9223
7701
163
4408
-5560
1530
-7563
27
9815
3044
-6044
3319
-5705
-6239
-1712
8915
5199
-2830
-5574
-1160
6419
-411
-962
4002
8793
-110
4739
-213
545
-2550
-4199
-7348
-5188
-2466
1939
7964
3456
-8838
6095
-7040
6873
9628
9237
7766
5298
5410
9047
9213
6424
1402
-388
4885
3224
-7116
7912
1441
-8392
-4189
3109
-6596
-6451
-5281
1236
7272
2764
8372
-6371
-8982
1123
-7728
4461
4776
6720
-4356
2266
-6994
2708
-6784
-7868
8443
-5777
-9772
538
4328
2126
8670
5299
4256
-1679
8842
8787
9482
2558
-7042
1652
8715
-4172
-1631
-8925
4432
-2733
8240
1205
-9320
1831
-5323
-2196
8093
-7753
-2444
-9603
1761
7559
6372
-4335
7078
7583
2529
1552
542
-5672
-9097
6302
-3274
7965
-5832
-9949
8799
3204
-5786
-3091
9153
-6438
-9496
-3447
3430
7153
892
4330
-2426
-5125
2596
-2962
981
5024
-604
-4226
-5661
-7695
4034
8970
7686
291
-2566
8985
9114
-2392
5104
991
500
-6385
755
-4449
-3559
2294
-5361
-505
344
5139
2184
8866
-3501
-3534
-6087
1896
8655
-4522
9199
8777
5327
-8679
-189
-9000
-3521
-91
3762
-6631
-7674
-5801
-9999
-2747
-5694
2258
-9204
-6769
-9887
-861
6102
7850
2619
8497
6785
-986
3914
4412
8268
-6891
-830
-6714
-9380
1326
-9566
-3186
-5334
508
-2050
368
9722
-6792
-3063
-8260
4132
74
-6302
6049
-4269
5386
6523
-3438
-1045
-6521
2022
4810
2464
-7168
7877
3027
-8625
-3245
1979
-5186
-4779
4895
8053
7569
5156
-9426
-1676
3652
9138
-9948
-742
208
-5967
-7062
7717
1094
-3767
-1491
-3974
-5645
-6708
8134
-2546
-1583
3687
6741
-2439
8045
-9648
7055
-9541
-8223
3123
-3475
-4241
530
-2485
-7697
-3545
-6024
-6328
-6519
-1702
-8284
-6841
-3033
-2855
6331
-6461
-1506
-2252
8756
-2547
4252
-8277
-1474
5103
-3304
-8620
1318
5721
8532
-272
8751
4273
-452
-2035
-2829
1344
4337
4518
-6215
-1042
-2437
9545
4100
6680
9754
-4818
3606
-5729
-1799
9013
2208
-6659
6923
-2506
-5116
7411
-208
-9812
-7262
5450
7780
-2143
6525
-1447
-7098
3249
3866
-6860
-7164
4396
-9972
7636
5703
-9775
8990
5883
-2899
-1099
3372
927
7742
-3876
-7178
-1473
942
-9919
-5670
-7390
-7763
-8430
1451
496
2049
-8417
-6881
7610
-8398
1781
4213
1598
928
-378
55
7552
6306
-8031
9083
-9630
7842
-2988
1558
4596
-5245
7527
-4020
7083
-202
6455
7906
-6116
-8490
1037
816
-3060
6260
-4730
-56
1999
-9055
-6747
9527
6694
-3616
-7601
2036
-8775
8003
1751
8817
9708
-8605
-7860
6164
5503
-565
-4203
6329
7870
-9157
4474
3781
-420
-8557
-5592
-9521
245
-7602
-4436
997
-1646
-9075
865
2624
-9651
8686
-3074
8451
-7149
2014
5226
-881
-5015
7210
7610
-8917
4297
-2205
7353
-3268
8555
9050
-4529
4148
-6511
2959
-6650
8733
6340
-2021
9567
9022
-671
-8723
7885
-2921
-2763
3977
-1651
5511
-6744
3875
-9816
1900
-7355
794
6643
4419
-3841
-7275
3342
-8630
6936
-5824
-8983
-1330
7920
-1587
4476
-5034
2262
2135
8857
8647
911
4370
-1713
2378
6703
7084
723
-4595
939
601
-9331
4360
8649
-3353
6604
2484
-7191
-4800
3811
-2548
-200
8002
-3628
-3071
-8166
-8488
1735
-496
5222
2317
-8160
-5642
2673
8566
6443
7277
2417
25
-3344
-5093
-3643
7710
-3252
2660
2581
-5485
-2552
7909
-6996
8893
-7792
-2159
4647
6869
4200
8955
-5738
1263
-9574
-2280
-1824
-8609
-9337
-9025
5472
3036
2066
1497
-4727
-4417
1199
5332
-8323
-1678
-780
7724
-6949
-729
-1042
-9049
-6748
-3911
-1354
7931
-6613
-6224
6966
3017
5393
-8081
9098
-7447
-8811
3764
5073
3926
-633
-2373
5102
3079
-2321
9815
-5872
4711
-2870
954
8503
-4512
590
-1925
-9422
5757
-7738
-2621
-1833
-9462
-9440
8220
-5837
568
-2088
-2484
-271
6471
1940
9197
4253
-1002
-764
8391
132
-9989
8111
-3943
-6648
-6137
-9224
1481
-4227
7472
1397
-8112
4251
5373
-7101
1381
1663
6026
-5422
5444
1914
-8324
7989
-8313
-6946
-1057
1830
9984
-7376
-3287
5761
-763
-2356
6196
-2234
7010
3882
4141
7668
5352
-4475
-6747
8330
-7088
-7807
1522
8865
-8189
1248
-6378
1352
347
-3658
5522
-6303
3357
3055
-3858
2707
4867
4405
6337
7328
-4481
9636
-1183
-622
-1889
-8191
9306
7847
5996
7710
-5916
-1834
4432
-3212
-3203
8698
-4950
7241
5446
-6180
4416
-6604
2120
-9272
1523
7779
6156
-7553
-6932
-4542
3649
5856
334
662
9223
-2430
-9884
-3369
-1080
-9353
-4994
-6645
8914
-3206
3726
6460
6008
8227
2587
3895
3218
3567
2794
411
9162
5471
-9828
-1463
-1599
5831
-4035
8714
7758
7948
4402
6814
-9926
1266
1360
-9473
-8630
-1247
-753
-9125
-4780
-1093
-277
4420
9458
-1503
1181
1622
3726
-1869
-2090
-6737
-2287
5818
913
172
3729
3152
2993
-5919
2621
2631
9714
-3564
-6174
-726
8534
9257
4975
-2584
1832
-1545
2563
2153
5567
-6652
9014
-8077
6111
8690
264
4105
-4988
-8105
-8033
4611
-2499
922
7238
88
6335
-8395
-5029
6291
-2174
-5997
3154
4752
5093
-2771
-813
-1440
1649
-3731
-6249
-9346
-5749
4944
-2106
6519
-1368
-371
-3826
-611
-7188
-1799
829
7378
8130
4908
5614
3552
-5456
9942
4463
5949
3034
-4843
-3721
-8984
-2978
1082
-1240
4542
-9119
-818
1969
104
-6342
-2640
-5237
-5984
601
-5497
344
-3274
2880
-5741
-9991
9283
3062
-8529
4054
7556
1288
-7817
8046
-1892
3894
-5658
-2028
-6775
4945
478
-3321
4776
352
-8378
9610
4868
4378
3663
-2239
4784
3450
-3347
5956
445
-2051
6702
1176
2303
1333
210
-8140
7083
-6836
-1968
-2969
-304
8229
-6696
9376
-5954
930
-591
1306
-5158
-8026
5262
-4279
6219
-5988
-1730
8915
-5179
3142
908
-6743
-8781
-5243
-7265
-7997
-573
-8535
2710
446
-9171
-5185
3000
-7021
-5639
-7102
5009
6795
-9465
-6517
6516
1064
954
2842
-9695
6541
-2672
-8130
1283
-6880
5424
5507
-4096
9634
460
5904
1940
955
-6798
-2129
8920
-9588
-7306
-812
2413
1817
1153
-9986
5778
6993
9556
3497
6603
6932
-7922
-1580
8493
-9484
-2514
-1438
-1304
-560
5459
-5223
4882
3259
-7926
6095
595
-9478
3503
8752
-9299
-3127
-3563
5827
1062
-2304
-1783
-6521
3528
6400
520
5190
2129
-3647
4715
-7456
8703
-8381
5763
-4363
5128
-9802
-8015
-3821
1805
4308
-8586
4843
3239
7592
-2455
-7660
-137
-9215
-4726
-6983
3722
-8975
-9524
1297
