48
656
928
582
656
478
735
797
978
256
937
853
859
694
404
562
411
839
324
617
189
833
321
873
502
757
310
566
778
728
627
532
678
196
427
889
428
634
145
808
177
752
992
600
545
177
376
781
540
151
102
518
911
170
13
745
996
67
275
184
442
136
520
456
907
199
998
882
327
490
562
450
633
324
375
908
961
495
264
617
427
960
362
401
401
296
710
651
755
540
25
147
583
132
343
469
109
658
950
177
778
480
416
923
87
256
554
232
103
384
910
322
139
528
429
959
469
703
993
318
28
919
585
620
91
51
697
778
115
82
619
201
580
168
446
42
115
789
624
410
514
425
839
276
561
135
57
880
858
544
280
493
50
188
957
439
493
780
284
134
68
587
818
675
80
459
841
272
973
631
541
704
986
442
46
417
687
467
253
104
716
19
81
29
766
271
930
426
367
351
796
4
243
526
210
457
486
345
505
854
808
16
263
139
433
93
20
397
310
34
166
78
4
947
994
954
566
760
230
815
949
692
826
929
981
817
443
105
258
532
138
179
50
467
850
871
486
298
643
237
811
711
60
400
760
231
645
259
201
998
981
935
906
246
877
69
36
307
651
447
296
566
258
30
993
383
877
840
406
75
517
702
190
588
129
145
5
434
298
280
337
640
112
814
200
19
412
167
225
77
449
435
513
817
307
494
532
418
940
440
587
430
65
840
442
824
535
839
57
888
863
124
757
294
659
529
649
101
652
968
173
617
549
71
382
881
284
789
242
648
499
980
80
532
109
390
591
607
516
395
268
413
783
359
549
806
210
616
671
201
61
879
444
671
386
18
580
179
248
331
265
585
471
571
593
426
225
441
930
834
633
627
320
342
427
992
608
998
15
963
925
200
992
45
609
742
576
781
376
434
803
577
745
839
472
379
497
934
57
886
64
596
953
340
655
401
152
532
420
691
854
593
770
843
657
209
700
866
610
11
486
47
752
942
803
452
89
650
665
394
528
368
135
678
280
660
800
60
434
0
841
304
984
55
324
65
237
547
977
981
488
515
490
282
408
12
767
328
827
274
413
443
667
427
761
871
432
257
417
707
746
261
392
1
619
420
771
680
813
381
170
201
323
657
616
384
415
872
729
676
740
690
124
516
874
208
410
673
275
978
927
951
663
272
822
681
189
69
676
700
738
463
236
516
19
838
59
466
944
747
819
464
446
297
720
354
347
419
956
124
766
76
47
958
322
224
572
570
51
463
885
699
901
1
396
405
962
560
349
307
170
770
581
739
502
734
817
49
930
595
567
13
766
50
362
546
440
855
19
228
932
365
43
642
50
513
796
94
128
982
604
580
653
160
328
560
316
340
341
245
161
176
836
32
849
166
246
826
85
127
454
668
349
492
773
425
876
939
477
605
843
352
342
349
588
144
628
284
207
488
810
408
645
286
973
206
891
842
335
774
610
358
366
198
918
515
610
920
848
522
900
212
728
665
845
587
338
31
582
682
175
779
696
9
962
149
360
577
576
145
717
804
563
905
842
769
411
770
208
54
398
998
572
943
298
769
531
188
113
910
953
485
478
70
222
404
921
535
17
184
501
769
648
675
973
778
607
465
49
528
83
386
519
893
563
272
847
697
883
706
255
858
940
822
974
433
866
550
759
151
808
927
961
524
448
327
320
79
42
391
11
227
748
789
129
773
373
811
107
370
705
178
994
626
373
63
291
156
875
533
789
737
965
61
15
174
704
120
991
731
692
218
979
262
540
912
236
498
299
838
193
878
218
357
677
139
257
751
216
144
69
965
615
181
751
218
423
950
315
526
325
952
864
482
477
802
781
736
719
912
500
257
5
571
515
712
366
90
986
282
757
357
752
568
402
501
456
662
118
386
385
224
435
815
511
10
363
257
492
929
955
125
140
772
238
497
271
298
445
586
153
296
155
646
341
254
645
50
319
917
910
68
472
345
8
593
957
464
481
683
245
99
762
871
658
792
317
124
587
368
249
812
168
206
206
374
650
589
796
528
157
812
726
708
703
755
698
461
224
367
612
596
114
354
601
145
297
599
188
153
422
717
656
938
839
334
722
57
421
734
369
58
611
510
0
601
499
161
868
34
248
231
82
22
635
719
512
692
482
615
867
951
543
36
824
287
563
338
588
233
457
102
118
892
871
48
656
806
29
8
338
606
918
642
955
269
677
792
134
25
434
326
707
459
129
927
680
112
701
613
856
144
556
18
284
660
684
612
390
66
179
989
831
412
469
519
337
682
875
711
990
526
103
754
647
125
930
829
907
802
